12.29658
12.54029
11.74694
11.45494
12.17967
11.54226
12.11793
12.6
12.07588
11.22531
12.73782
12.1692
12.179
11.65162
12.80803
11.83388
11.61999
11.9038
11.21588
11.51418
11.43334
11.14894
12.26685
11.63773
12.01215
11.34961
12.44638
12.2199
12.60754
12.00443
11.39063
12.50639
11.63433
12.21411
12.14192
12.0664
12.43261
12.67245
13.02182
12.46382
12.93168
11.9089
12.16775
11.55646
11.97973
11.93686
12.07654
12.00226
12.34272
12.30008
11.59136
11.52365
12.80359
11.70409
11.47063
12.2869
12.25506
11.06968
12.22056
12.49391
11.30099
11.69463
12.28581
12.60986
12.00808
12.00146
11.76607
12.84795
11.24306
12.6117
11.65864
11.55463
11.93311
12.62633
12.46538
12.67435
12.06232
11.39611
12.31749
11.91661
12.70565
11.75546
11.9807
12.48923
12.3835
11.76665
12.69812
11.5163
12.57412
12.29856
12.4499
11.92972
12.85573
11.85054
11.03947
12.78395
11.73379
11.42082
13.01887
12.37826
11.44795
11.7262
12.81436
11.75166
11.97575
12.04278
11.71877
12.68602
12.88202
12.38805
12.52297
11.10761
12.58965
11.62204
11.38366
12.38133
12.51667
12.03442
12.34057
12.77871
11.81927
12.45562
12.36128
12.70889
11.3762
12.87217
11.82695
11.63258
11.99637
12.398
12.03591
11.29595
11.80531
12.78413
11.68983
12.24925
12.56937
12.22722
12.1293
11.2766
11.98617
11.04644
11.78922
11.75121
12.73053
11.5564
11.64708
11.02062
12.06796
12.25636
11.74115
12.32601
11.70426
11.97126
11.68307
11.45901
11.3831
11.99181
11.29007
12.07818
12.91072
12.33766
11.08726
11.94834
12.3157
12.19733
11.50888
12.54881
11.54516
12.92453
12.06426
12.98088
12.66825
12.21806
11.7985
11.11304
12.39192
12.79548
11.68515
12.53702
12.55704
11.75871
12.17713
11.61777
12.74589
11.55894
11.88143
12.53361
12.39698
12.59508
11.75487
12.36473
12.74762
11.73145
11.839
12.61354
12.35762
12.11486
12.245
12.15161
12.85827
12.03072
11.47246
12.46428
12.0965
11.42051
12.99789
12.07121
11.90545
11.44214
12.04287
12.44646
11.54985
12.7187
12.99441
11.53739
12.90826
11.84766
12.31909
11.08692
11.45353
11.89559
11.71147
12.04143
12.12988
10.99672
11.98371
11.84592
12.12628
11.19002
12.23817
11.63467
12.49683
12.14659
12.03793
12.53317
12.2056
11.89763
11.45506
12.03527
12.82495
11.91314
11.96324
10.98778
11.72595
13.09241
12.39234
11.82699
12.19669
11.83743
12.00881
11.7167
11.95994
12.74486
11.70838
11.4193
12.98764
12.84928
11.9063
12.04923
12.18041
12.98054
11.86673
11.31805
12.18006
12.26643
12.76205
11.84357
12.05289
11.85312
12.1995
11.22159
12.78429
11.92993
12.53882
12.42119
12.78181
12.41625
12.06389
12.74153
11.71424
11.86446
11.96431
12.00452
12.45751
11.60127
11.52725
12.35922
11.85401
11.36121
12.54146
10.9693
12.21514
11.95773
11.92239
12.05705
12.05535
11.95543
11.74162
12.85642
11.41226
12.66705
12.84151
11.72921
11.9476
11.53189
11.17889
11.16414
12.17176
12.34891
11.78956
11.21136
12.35173
12.00341
12.52582
12.27827
12.07778
12.11607
11.26001
12.37849
12.37039
11.77777
12.20181
12.24774
11.94211
12.3787
12.33712
12.07058
11.26319
12.73714
11.78302
11.39526
13.0522
12.10237
12.891
12.60029
12.05606
12.22731
11.90797
11.99544
12.36735
12.05601
11.50307
11.67509
12.29201
11.73395
12.30896
12.27116
11.88408
10.98383
11.03497
11.28481
11.61766
11.78152
12.17668
12.62702
12.31367
11.49988
11.83018
11.27134
11.97118
12.69945
12.20648
11.89228
12.18693
11.68315
12.40296
12.23943
12.8154
11.6231
11.25516
11.60983
12.70845
12.23942
12.69029
12.48643
12.09545
12.05605
12.01355
13.05135
11.51044
11.73336
11.98922
12.82514
12.25813
11.85689
11.99104
12.48153
12.02007
11.88641
12.41183
12.26487
12.70194
12.19549
12.42445
12.90118
11.534
12.37466
11.59109
11.80471
12.20395
11.22825
12.63575
13.0034
12.63034
11.88895
11.78035
11.51517
11.71772
12.19231
11.71057
12.22403
12.68242
12.30908
11.21164
12.1292
12.53568
11.49632
11.47628
12.14418
11.34591
12.04392
12.37133
11.60521
12.06831
12.2346
12.46441
11.99348
12.13616
11.48998
12.14701
11.9888
12.77466
11.68259
11.66008
12.04971
12.62542
12.78902
12.27121
12.18113
12.64618
11.59803
11.39463
11.79813
11.84424
11.24713
11.78637
12.77202
12.12185
11.45064
12.19661
12.62608
12.7414
12.24492
12.86227
12.14668
11.70376
11.93718
12.24541
11.83158
11.70512
12.31999
11.52914
12.2095
12.37783
11.95136
11.11735
12.64881
11.88442
12.5695
12.56891
12.41756
12.52384
12.52886
11.4775
11.97106
12.75682
11.77943
11.14119
12.57936
12.60299
12.67616
12.17667
12.09501
10.88713
12.11094
13.02405
12.08274
12.45677
12.36619
12.17769
12.30165
12.8688
11.21395
12.09566
11.92114
11.92214
12.24197
11.89675
11.47598
11.73547
12.6389
11.60489
12.03107
11.66835
12.19258
11.58942
12.77674
11.32827
12.61447
11.49442
12.24297
12.767
11.79309
11.68712
11.93483
11.55245
12.21474
12.28732
12.45556
11.95484
11.67023
12.76723
12.60369
12.97698
12.49738
12.6927
11.85493
12.25158
11.64057
12.04086
11.04733
12.7043
12.66773
12.34043
12.71769
12.51385
11.91874
11.58731
12.06993
12.23461
12.29723
11.96971
12.32637
12.71512
12.20071
12.22091
12.236
12.05577
12.69997
12.26512
11.83942
12.20828
12.46914
12.04424
12.1138
12.53094
12.39133
11.83303
12.45857
11.68541
12.42625
12.57781
12.07416
12.5317
12.70344
11.64076
12.2989
12.10108
12.24342
12.4466
12.23059
11.67551
12.71655
11.55022
12.82346
12.80232
12.32181
11.1943
12.04216
12.31177
11.82957
12.0853
12.61752
11.95485
11.86874
11.20048
12.19006
12.1411
11.40069
12.17859
11.86245
11.93288
11.12316
11.75217
11.40251
11.65555
12.38405
12.45879
11.31174
11.75294
12.97931
12.1565
12.95565
12.55422
11.90472
12.33785
11.1696
11.69176
12.5576
12.37647
12.19547
11.93902
12.08089
12.37116
11.71896
12.63881
12.27752
11.95491
11.7186
12.60741
11.6912
12.37855
12.17958
12.19243
12.76679
12.59076
12.94411
11.31
12.32539
11.78207
12.85487
12.26076
12.15105
11.04491
11.02203
11.9868
11.09214
11.58843
11.76246
12.604
12.24796
12.52678
12.95481
11.15985
11.87021
11.52996
12.35391
12.73247
11.79769
12.44804
12.26558
11.63224
12.79631
11.90267
12.25877
11.34033
11.97124
12.2191
12.55377
12.62742
12.84079
12.69542
11.55736
11.82779
12.00977
12.42451
12.05322
12.12263
12.5943
12.06379
12.30951
12.03149
12.15134
11.86069
12.92817
11.56489
12.60838
12.46084
12.86668
11.03287
12.87404
11.3514
12.53559
11.69784
12.00975
11.99644
11.84583
11.25642
12.06284
11.8132
13.0102
13.0958
12.51004
12.27279
11.96123
11.09066
11.00968
11.91824
11.65321
11.44905
11.90927
12.38812
12.45689
11.0298
12.34284
12.29709
12.04645
12.0079
12.09074
11.81335
11.29207
11.8407
12.13931
12.7408
12.40114
12.86432
11.84898
11.90575
12.36147
12.78452
11.28043
12.25335
12.55367
10.99536
11.51575
11.27093
12.90692
12.09219
12.84749
11.66034
12.11087
11.84118
12.01045
12.01875
12.65995
12.53262
11.17453
11.45698
11.776
12.44116
12.45866
11.00211
11.87714
12.96674
12.55803
11.79072
12.73533
12.92597
11.52216
11.88344
12.35222
12.77393
12.56668
12.87577
12.95097
11.41827
11.85595
12.048
12.72867
12.57518
11.41234
12.17518
12.0484
11.73619
12.1576
12.38979
11.68016
12.00241
12.09384
11.81163
12.55658
12.3908
12.50212
11.83722
11.99308
12.44532
11.51178
11.9028
11.31551
11.24803
12.1257
12.3102
11.51764
12.37721
12.46056
12.00239
12.1028
10.98448
12.53108
12.12438
12.04786
11.36469
11.7462
12.09206
11.31072
12.80593
11.19951
12.7718
12.25661
11.80921
12.62461
12.6448
11.77432
13.0582
11.35721
12.59796
12.35526
12.91567
12.3947
12.625
11.55758
12.52733
12.40437
11.87964
12.08714
11.3561
12.30867
12.10855
12.16647
12.57869
12.57931
11.23103
12.37194
11.92535
11.99706
12.20609
12.30294
12.42207
11.77869
12.20461
12.09818
13.01775
11.1951
11.98848
11.91198
11.7551
11.74832
11.47375
11.2148
11.29967
12.53738
12.7171
12.10992
12.80021
12.04371
11.49206
11.90622
11.44532
11.74354
12.34431
11.31954
11.8966
11.66077
11.33204
11.51496
11.56969
12.00985
12.20737
11.96254
11.76762
12.68265
11.88393
12.09075
11.2981
12.88732
12.80881
12.05803
12.49251
11.66281
13.02507
12.55448
12.11707
12.10368
11.65958
11.18304
11.75762
12.95484
11.52092
12.23068
11.31774
12.7197
12.40319
12.23989
12.34707
11.98743
11.51188
12.88089
11.85314
11.5947
11.94016
12.41832
12.44908
11.3262
11.41748
11.65748
12.13903
12.34643
12.42073
12.7322
12.96468
11.99789
12.91227
11.58232
12.63329
12.13928
12.24893
12.21436
12.49536
12.6201
11.45978
12.07412
12.66614
11.14058
12.56308
11.33368
12.01253
12.34068
12.01024
11.06979
12.13396
12.23811
11.77694
11.8145
12.74984
11.67921
11.75829
11.25661
11.32721
12.72503
12.75644
12.01706
12.22743
12.86178
11.85966
12.02514
12.22002
12.53979
11.66615
12.48594
12.02228
11.87551
11.32391
12.21527
12.85722
11.47818
11.81373
12.54046
11.3493
11.29857
12.26903
11.72053
11.47216
11.83012
11.96063
13.05116
11.12158
11.67379
11.88608
12.01631
11.04091
12.00503
12.07135
12.24273
12.66374
12.23726
12.23888
11.27031
12.87483
11.52154
12.56412
12.21548
11.78464
12.50217
12.18793
11.48768
11.34041
11.90193
12.09995
11.89612
11.79007
12.61725
12.83517
11.41913
11.97208
11.28214
12.50191
12.29156
12.35031
11.97594
12.50858
11.85831
12.02744
12.63552
11.73315
12.71676
12.27679
12.23134
11.74161
11.88882
12.19205
12.70336
12.50361
12.98101
11.93588
11.36188
12.52623
11.99991
11.89275
12.55384
11.10982
11.49206
12.82843
11.09023
11.29921
12.6546
12.86783
12.46655
11.85114
12.51064
12.06735
12.08916
10.97491
11.70892
12.9015
12.96853
12.33174
12.65639
12.16504
12.33958
11.34385
12.41031
11.18237
11.75942
12.38789
11.50792
11.98845
12.02931
12.88054
12.47586
12.13965
11.62887
12.33811
11.15375
12.15848
12.27284
11.85108
11.66042
11.41118
12.31721
12.13761
10.96915
11.39756
11.49382
11.5556
12.62105
12.20765
11.48122
12.10323
11.96443
11.99551
11.96155
11.01972
12.45459
12.94757
12.57454
11.4574
11.72599
11.71081
11.68807
12.24108
12.29238
12.19396
12.53623
12.47754
11.32891
12.30195
11.35733
12.53672
11.36201
11.78039
12.38354
12.26909
11.30594
11.9583
12.02653
11.74944
11.97876
12.3234
12.02321
12.16935
12.35644
12.66533
12.20901
12.77849
11.71212
11.15962
12.10939
12.0174
11.57941
12.87174
11.71031
11.71888
11.91717
12.22682
11.16727
11.82049
12.25468
11.65113
12.06859
12.64276
11.78983
11.19804
11.07018
11.64641
11.81407
11.42662
11.25302
11.34929
11.27535
12.20653
12.16203
11.16372
11.57274
11.62553
12.0548
12.61802
12.21368
11.86882
12.23278
11.51234
12.30494
12.4745
12.48902
12.91562
11.97178
12.48454
12.3236
11.13436
11.89628
12.51758
11.32717
12.63916
11.4128
12.20341
11.92461
11.59075
12.48572
11.97671
12.92229
11.69817
11.66431
12.67177
12.42224
12.34873
11.94268
11.93837
12.04694
12.3633
11.9914
12.01883
11.27524
11.52045
12.10759
11.91541
12.05875
12.27734
12.47967
12.18392
12.47488
12.02258
12.64411
11.65555
11.57222
12.52369
12.73506
11.87667
12.01274
12.00736
12.55693
11.27328
11.38097
12.69754
12.16052
12.40565
12.69339
11.74913
12.25331
12.68638
11.23628
12.08638
11.96541
12.80055
12.2503
12.23412
11.0534
12.1952
11.43069
12.13334
12.04854
12.58026
12.44926
12.12326
12.25947
11.84158
11.26451
11.44448
12.00605
11.89271
12.10057
12.645
12.8839
11.66777
12.32966
11.64447
12.02529
12.42776
11.35763
12.05565
12.03803
11.97581
11.61401
12.27893
12.20156
11.61121
12.27638
13.09673
12.05926
11.09947
11.96843
12.16944
12.08631
12.62892
12.91164
11.90303
12.72957
12.82391
11.20371
11.9692
11.51936
12.80066
12.14284
12.63134
11.70248
12.58626
12.04482
11.83806
12.40933
11.98981
12.52792
12.43443
12.06703
11.69219
12.55433
11.80158
10.98908
11.64951
12.39153
12.25532
12.94651
11.97942
12.31301
12.08522
12.46249
12.1934
11.66685
12.01108
12.65971
11.63622
12.9204
11.99278
11.91177
12.89281
12.58089
13.06479
11.9513
12.38893
12.76227
12.47336
12.08231
11.71255
11.92631
11.90234
11.86774
12.11673
11.98763
11.44807
11.33615
12.22496
12.98107
12.55842
12.68744
11.3856
10.91682
12.456
12.43883
12.56021
12.02242
11.43008
11.73465
12.9201
11.444
11.06848
12.75085
11.99191
12.14335
12.92885
12.72867
12.82678
11.98104
12.1097
11.65764
12.67224
11.43883
12.51198
12.54301
12.90328
12.29674
12.77029
11.89065
12.41926
12.69499
12.6489
12.39491
12.1067
11.57857
11.72518
12.69422
12.26925
12.06956
12.27063
11.78963
12.31601
12.95514
11.62364
11.86359
11.96899
12.03248
12.28
12.08546
12.53285
11.86943
12.17695
12.11813
12.46726
12.29418
12.19475
12.00564
11.3748
12.27316
12.29541
11.99787
12.8544
11.80744
11.9114
11.16125
12.60877
12.64235
12.22238
12.30227
12.738
12.2007
11.6881
12.03873
11.90312
12.71527
11.61023
12.22784
11.95077
12.44444
11.48291
12.10674
11.30247
12.44629
12.36346
12.66267
11.89007
12.12979
11.7956
12.26242
12.12547
11.56769
12.13658
11.25918
12.23442
11.8573
11.50839
12.76122
12.11649
11.90223
11.37238
11.72546
11.46478
11.91051
12.23202
10.97199
12.16406
11.33265
12.43969
11.7122
12.76977
11.61255
12.44346
12.23795
11.68928
11.50789
11.54262
12.13044
12.38857
12.57375
12.39988
12.39181
12.93658
12.00471
12.5074
11.35492
12.49772
11.47842
12.53067
11.88473
11.93862
11.39529
12.30085
13.04172
12.50445
11.81361
13.05175
12.55583
11.43132
11.92174
12.1137
12.49726
12.70819
12.11748
11.49641
11.92194
11.55892
12.39095
11.5639
12.53408
11.72056
11.78743
12.93468
12.45342
11.95159
11.88098
12.28629
12.66609
11.50105
11.86337
12.11862
11.89843
11.68471
12.5291
12.4367
12.3713
13.06312
11.70218
12.40318
12.0655
11.43996
11.95086
11.06084
12.70144
12.83609
12.0228
12.436
12.73033
12.7576
11.511
12.0617
12.02338
12.48544
12.09542
12.35364
12.00727
12.15377
11.68651
11.77236
12.26088
13.09351
11.77163
11.89627
11.7578
11.63672
12.71029
11.95815
12.34479
12.44919
12.07911
11.676
11.88243
11.63645
11.90975
12.38341
11.8697
12.76343
12.17806
12.53243
11.77648
12.28493
12.62629
12.22758
11.39432
12.45621
12.55887
11.50904
11.80406
11.70602
12.04226
12.01322
11.87248
11.72048
12.72882
11.9633
12.03198
11.38977
12.10339
12.36408
11.16374
12.38282
11.93335
12.50237
12.57626
11.5055
12.93409
12.37659
12.5043
11.45056
11.4839
13.02713
12.88075
11.17064
10.99222
12.44886
11.90502
13.06317
13.02755
11.41551
12.15611
12.50439
12.41308
12.95881
12.08896
12.11642
12.29847
12.53754
12.39756
12.97466
11.01449
11.15431
12.15115
12.38738
12.84992
12.10124
11.79878
12.94106
12.7416
11.63674
12.33404
12.10951
12.94897
12.13277
11.8304
12.34524
11.39636
12.35697
11.305
11.34079
12.55178
12.28588
11.89055
11.44212
12.84256
11.66922
12.56695
12.20733
13.01116
11.86028
12.19947
12.37088
12.06545
12.43837
12.52629
11.99332
13.0673
12.50594
12.16345
11.60956
12.61121
11.688
11.9316
11.83692
12.17123
12.09476
11.95929
12.63696
11.22917
11.76572
11.54022
11.84874
12.3167
12.80033
10.95396
11.80722
11.94004
12.29395
11.83673
11.35929
12.85038
11.97489
11.45206
12.97674
12.42166
12.44138
11.94014
10.88961
12.03492
12.15725
12.49805
12.71395
11.9285
11.93448
12.89078
12.62467
12.44925
11.16557
13.01617
12.50372
12.5158
12.10204
11.86674
11.26572
11.95546
11.52603
11.92506
11.3724
11.92051
12.5879
12.17976
11.67027
12.65061
12.08486
11.32602
12.05153
12.1577
11.04156
12.38811
12.64426
11.32177
11.30411
12.42189
12.58352
12.1965
12.0076
11.61199
12.04205
12.10544
12.15369
12.57041
12.64077
11.59921
12.84226
12.25807
12.32733
12.33243
11.30615
11.85134
12.49666
12.91449
12.67296
11.7958
12.59691
12.55673
12.50663
12.90478
12.08881
12.29587
11.61561
12.26419
11.44587
11.86021
12.6837
11.59706
11.98522
11.5352
12.89567
12.88164
11.98144
12.84818
11.24981
12.40216
12.14382
12.16528
11.62047
12.00843
12.03836
11.95217
12.35371
12.22506
12.98193
12.11942
12.33412
12.56134
12.22315
12.84295
12.30267
11.79216
12.3004
11.88731
12.2888
11.91934
12.5887
12.72514
11.31803
12.56153
12.24259
12.35957
12.53096
12.66938
12.21733
12.72943
11.41371
12.15839
12.42145
11.63764
12.73034
11.45815
11.82061
12.52169
12.65307
12.28697
11.81731
11.57759
11.84907
12.15137
12.59984
12.07712
12.43547
12.66679
11.83965
11.8649
11.90938
11.50211
11.68244
12.61678
12.99055
11.59917
11.80325
12.00762
11.37732
12.70484
12.8069
11.96437
12.49048
12.82382
12.4156
13.09625
12.2985
12.20339
13.02824
11.58789
11.80576
11.89243
11.37328
11.52281
12.70134
12.80062
12.35911
11.34279
12.85632
11.26581
11.79257
12.09118
12.62907
11.73505
12.68589
12.16637
12.55278
11.9162
12.48592
11.62269
12.84301
12.58337
11.02566
11.90737
12.18349
12.73961
12.31926
11.88605
11.52684
12.62574
12.70332
11.37434
12.80045
12.11779
12.44044
11.36718
11.63701
12.21533
12.23859
12.09274
11.94342
11.7694
12.4054
11.92838
12.15539
12.19284
12.50115
11.67216
11.88369
12.25866
11.08498
12.0601
12.16221
12.08971
11.93581
12.42824
12.62686
11.79345
12.37375
11.85353
12.32335
11.98278
11.88745
12.90535
11.67756
12.45987
12.15096
11.24982
12.14075
11.42149
11.83159
12.37869
11.66573
11.47948
12.24708
12.23297
12.53434
11.88741
11.86348
11.06712
12.27281
11.37289
12.18882
12.69694
12.2605
11.16237
12.99767
12.48833
12.23713
11.11787
12.03326
12.82339
11.82053
11.65872
12.58934
12.57696
12.47365
11.59626
12.12634
11.77458
11.07568
11.97346
11.58753
11.68015
11.3537
12.12065
12.22222
12.69907
12.53373
11.37503
11.00756
12.7957
11.65758
11.70339
11.32423
12.2857
12.51663
11.52192
11.30316
12.89329
12.3545
12.25689
11.78916
11.87437
12.05154
12.36198
12.69113
12.76065
12.24941
11.8936
12.12444
11.70885
12.55572
11.5442
12.25055
12.27003
12.01454
12.67163
12.02655
11.6243
12.1955
12.15303
11.99469
12.15887
12.53105
11.88705
11.89169
11.39732
12.64795
12.78498
12.14959
12.30183
13.0668
12.13394
12.69111
11.77461
11.73511
11.99224
12.7954
11.4894
12.88812
12.43168
12.6035
11.62857
12.33925
12.92427
12.63307
12.48528
11.6019
12.13148
12.21057
12.73322
12.84619
12.16176
12.43477
12.30679
11.63516
11.26724
12.09872
12.54285
12.55875
12.64151
12.0211
11.59162
12.09446
12.87581
12.02489
12.86521
11.81973
11.39519
12.38279
12.25103
11.45943
11.20076
12.03866
11.81054
12.42361
13.04165
11.95263
12.05267
12.0775
12.25528
12.23713
12.95548
12.26224
11.9642
12.79451
12.70534
12.81448
12.69191
12.36967
12.28334
11.5563
11.82223
11.42585
12.29122
11.94827
12.04135
12.49426
12.48822
11.6741
11.68064
12.86097
11.12319
11.98071
12.26377
11.8856
11.79255
11.50878
12.11951
12.533
12.42203
11.84478
12.66709
11.6676
11.35826
12.28327
12.09959
12.01762
12.09313
11.62169
11.94452
12.05969
13.03749
12.29563
11.56407
12.20038
11.55998
12.1365
12.71315
11.77865
11.17155
12.68882
11.28984
11.96082
11.83793
11.94543
12.21888
12.29007
11.05231
12.1171
11.68623
11.95306
12.73932
11.25137
11.74881
12.23312
11.85067
11.89921
11.56635
11.47008
12.84455
11.49136
11.97584
12.66498
11.68716
11.74596
12.2588
12.27793
11.50942
11.95096
12.31472
12.31502
11.23261
11.40627
11.46843
12.27289
11.28392
11.33968
12.3053
11.25038
12.4109
11.64988
11.53291
12.63036
13.0056
11.8029
11.81553
11.77801
12.62919
11.77457
11.26928
12.55296
11.84885
12.34135
12.42762
12.97358
12.12339
12.2388
12.05835
11.52172
12.40002
12.19971
11.86669
12.55829
11.77087
12.0727
11.45895
12.7915
11.92336
12.24126
11.9938
12.05077
11.84672
11.93978
12.69431
12.64216
12.0774
11.68729
11.92544
11.54818
12.55034
12.21773
12.68444
12.59874
11.89232
11.77273
12.29691
12.09148
12.60364
12.38914
11.96537
12.71742
11.59601
12.14633
11.86213
12.3068
12.14068
12.59439
12.40276
12.92832
12.31961
11.45554
11.7356
11.92286
11.09374
12.87819
12.52711
12.09329
12.0141
12.36872
12.15716
11.70169
11.9828
12.25366
12.27681
11.71603
12.20861
12.38039
11.67092
11.01456
11.94211
11.12894
11.74954
12.51355
12.21433
11.97953
12.12398
12.86297
12.8778
12.31679
11.64237
12.27961
12.3335
12.085
12.5703
11.55811
11.78334
12.49153
11.5841
12.21969
12.56257
12.44052
12.4828
12.45659
11.47391
12.94896
12.84682
12.66425
12.26511
12.31744
11.62316
12.19784
11.70101
11.95705
12.76571
12.12164
11.18189
12.47964
12.13789
11.21126
12.04869
12.25837
12.59842
12.23657
12.95803
11.49635
12.50296
12.09515
11.35468
12.42067
11.87798
12.66332
11.82245
11.32794
11.34578
12.32353
11.26961
12.74425
11.08191
12.92795
11.99451
12.71886
12.38258
12.05562
11.85162
13.07412
12.53368
11.97803
12.2977
11.53696
11.45316
12.11887
11.95577
11.27262
11.15005
12.04913
11.56326
11.6299
12.79641
11.91039
11.97086
12.11483
11.9402
12.68794
11.1423
12.14291
11.1306
12.64924
10.96411
12.42157
11.52874
12.21538
12.33422
11.9472
12.00653
12.23287
11.17984
12.57319
12.81957
12.06505
12.40452
12.02808
12.05844
12.26586
11.7764
12.88255
12.27762
11.24464
12.36889
10.94773
11.64041
11.69376
12.22941
11.65121
12.71752
12.85624
11.6066
12.16199
12.47754
12.00354
11.57637
11.80401
12.3351
12.19782
12.04182
12.56541
11.62533
12.89649
12.24857
11.54742
12.86348
11.54885
11.28076
11.45086
12.4671
13.02418
11.57804
12.8016
12.24171
11.95832
11.61091
11.59557
12.19556
12.00258
11.98455
11.92796
11.54389
12.33326
11.8902
11.84634
11.698
12.90148
12.28282
12.58645
11.45557
12.31551
12.30968
11.92467
12.2676
12.19378
11.97613
11.94381
12.33571
11.72491
12.44066
12.63655
12.00025
11.24731
11.38253
12.05163
12.7204
11.53025
12.11009
11.24257
12.49851
12.58351
12.35516
11.06038
12.67015
11.29901
12.0611
11.31048
12.04301
12.25511
12.12747
12.26806
12.41014
12.2061
12.20476
12.14124
12.21754
12.46132
12.44133
11.57904
12.39597
12.8202
11.94229
11.93333
11.77693
11.37916
11.94057
12.60302
12.44274
12.69458
12.57612
12.54769
12.72356
11.6936
12.57629
11.92561
11.80538
11.29381
12.72803
12.29021
12.23528
12.75892
11.74536
11.58772
11.91028
11.93594
12.33529
12.33862
13.0667
12.23872
11.82967
12.50415
11.65173
11.45509
11.65286
11.97117
12.23455
12.53261
12.70151
12.53064
11.81523
11.7072
11.67609
13.05472
12.15555
12.11855
12.1357
11.56452
12.12644
12.82834
11.23864
11.82876
12.54166
12.31518
12.80263
11.73194
12.13128
11.66465
11.64044
12.03886
11.08119
11.57577
11.98705
12.21723
12.79034
12.98215
11.72618
12.0625
12.90305
11.31186
12.98849
12.25908
11.68252
11.7758
12.13189
11.64232
11.56302
11.72573
10.95912
12.68536
11.41162
12.01397
11.78341
12.3451
12.70962
12.57245
11.23522
12.65181
11.95785
11.86443
12.22138
11.21813
11.21814
12.04558
11.69066
12.06702
11.66332
11.5769
11.57476
11.86771
12.39203
12.05113
12.55158
11.75009
12.07288
12.42999
11.17936
12.67782
11.87586
11.26986
12.50707
11.56214
12.12172
12.57118
11.37866
12.62492
12.24425
12.54787
12.94552
12.14456
11.80035
12.04851
12.14352
11.5348
12.00831
12.09444
12.94204
12.7684
11.94124
11.58582
12.15964
13.05277
11.25396
11.96944
12.48202
12.20353
10.97938
12.16341
12.03244
11.23932
12.48293
12.52496
12.40399
12.89036
11.74949
12.52908
11.32019
12.28392
12.52356
11.9426
11.70872
12.82793
11.92283
12.57579
12.02411
11.91201
12.14851
11.24313
12.25604
12.39277
11.53682
11.85984
12.00572
12.31773
12.27064
12.22293
11.31136
12.23473
12.14542
12.26868
12.6806
11.76778
11.69681
12.18462
11.72011
12.25099
11.88219
12.02029
12.29338
11.2957
11.91512
11.91671
12.37387
11.55088
12.31142
12.56684
11.86712
12.70734
12.73334
12.44082
12.02951
11.73744
11.43391
12.63656
12.25734
11.46692
11.24044
11.52312
12.32987
10.98782
12.14608
11.34126
12.64027
11.45531
11.89272
12.63412
11.54237
11.87302
11.34656
11.81526
12.08194
12.00092
12.19662
11.94487
12.18056
11.24006
11.99664
11.99961
11.80077
11.26818
11.19392
11.27383
12.02097
12.14147
11.78989
11.26951
12.21907
13.04852
12.29512
12.0417
12.37915
11.4574
12.30971
11.57194
11.41037
11.93606
13.00941
12.36511
11.70836
11.84818
12.30348
11.06619
11.59106
11.5066
11.57216
12.28116
11.92194
12.27512
11.41163
11.49547
12.34638
12.4335
12.76492
12.67107
11.26637
11.44652
12.28189
11.29574
12.49189
11.28369
12.87156
12.57465
11.76695
12.13541
11.99985
11.91192
11.50795
11.94786
12.95954
11.40274
11.28375
11.9387
11.91058
12.80481
11.94057
11.94155
12.40017
12.13532
12.55664
12.09627
12.62626
12.84418
12.42363
12.26772
12.20168
11.87369
12.25263
12.44076
12.07216
12.44499
11.45941
11.66483
12.04548
11.51534
12.04597
11.45096
11.71861
12.28419
12.34437
11.4467
11.99686
11.96026
11.46063
11.51563
12.27597
12.13799
12.36303
12.29961
11.76708
12.42291
12.86781
11.64468
13.01045
12.04249
11.84115
11.13523
11.72291
11.90079
12.85944
12.67933
12.68326
12.42212
12.48493
11.9148
12.62065
11.68308
11.48889
12.40907
11.01413
12.07828
12.03743
12.21129
11.79778
11.59596
12.24956
12.12411
12.01766
12.22443
12.01245
13.025
11.88481
12.21819
12.48421
12.63195
12.3906
12.35433
12.04735
11.43414
11.95683
11.36505
11.10516
11.7203
12.06806
11.86915
12.06157
11.42992
11.45704
12.38113
11.3996
12.41569
12.32016
12.11774
11.67475
11.85129
12.27918
12.53391
11.98714
12.18534
11.03225
12.07886
12.43178
11.42132
12.95376
12.29195
11.48488
11.90501
11.82774
11.21025
11.67123
12.13199
11.12165
12.42472
12.20019
11.64194
11.26081
11.87657
11.30372
12.28729
12.33017
12.0691
11.56737
12.05255
11.61426
12.8268
11.45543
11.15095
12.11379
11.97983
12.79655
11.6431
12.06265
10.98895
12.20964
12.80104
12.07106
12.49073
10.98621
11.52878
12.35779
12.40375
12.61812
11.35397
11.67928
12.91955
11.33529
11.45066
13.07534
11.20323
12.81326
12.11524
12.55877
12.25872
12.56926
12.88667
12.26509
11.55158
11.87728
12.19169
12.34104
12.04636
12.73362
11.47946
11.51711
12.06551
12.2706
11.48217
12.15654
12.08904
11.98018
12.30604
11.8286
12.11448
12.4181
11.91464
11.56703
12.13256
12.04734
12.39484
12.15705
12.4263
12.62012
11.35311
11.68433
12.8949
12.08569
12.06825
11.63635
12.74869
12.10261
12.2355
12.11045
11.32413
11.77464
11.79504
12.13073
12.40058
11.5126
12.51574
12.46524
11.34226
11.90961
12.07024
11.72274
12.79117
12.20853
12.93325
11.52639
12.39003
12.09504
12.23885
12.60457
11.33544
11.43318
12.30935
12.18957
12.12885
12.91089
12.84789
12.72898
11.14631
12.6459
11.8694
11.61012
12.64715
11.15967
12.76623
11.30713
12.20859
11.75359
11.54346
12.92927
12.18641
11.70836
11.72668
11.70502
12.32633
12.02949
12.23654
12.49703
12.06106
12.13452
13.03788
11.73985
11.27414
11.98325
12.39083
12.51984
11.56846
12.5965
11.737
12.08773
11.89861
12.93971
12.39342
11.99957
11.46912
12.12061
11.27098
11.21976
12.57368
11.24179
12.6509
12.01585
12.70324
11.82057
11.69655
12.77809
11.96154
11.67511
11.96803
12.10279
12.80684
12.57469
12.65903
12.14479
12.12914
12.07882
12.24895
11.96788
12.3549
12.58503
12.22917
12.24043
11.16177
12.19859
11.27321
11.94141
12.85696
11.96606
12.03637
12.28679
13.05788
11.34916
12.14501
11.41545
11.88283
11.9919
11.90637
12.42649
12.0196
12.24138
12.70398
11.56238
12.40549
11.98989
12.05227
11.56032
12.66269
12.54703
11.4877
12.04208
11.43039
12.03105
12.28255
11.95206
12.10837
12.11399
12.64602
11.33777
12.27593
12.6119
11.75042
12.97117
12.37114
12.20205
12.2412
11.38895
12.07319
12.04573
12.4697
12.53816
11.77018
11.04061
11.55458
11.77854
12.51927
12.10843
12.99129
12.0353
12.04218
11.7362
12.50977
12.78503
11.64793
12.84827
11.58849
12.8654
12.66833
12.08654
11.57526
11.85199
12.48091
13.09412
11.12972
12.62238
12.14839
11.82803
12.24473
11.44383
11.54122
12.80932
11.74007
12.30865
11.84183
11.60882
12.20957
11.61587
12.00399
11.61534
12.1259
11.98235
12.21337
11.71582
11.61867
11.3669
12.81754
12.46446
12.65038
12.00208
11.91157
12.06793
12.39893
11.98831
13.08266
11.63996
11.44776
12.94605
11.61733
11.65766
12.6906
11.55729
11.89482
11.8067
12.0095
11.30933
12.18989
11.86941
11.32818
12.80066
11.97864
12.25253
12.24613
11.95483
11.36583
12.1031
11.50782
12.11341
11.46462
11.85848
12.29114
12.76307
12.8076
11.972
11.61857
12.60464
11.53447
12.50318
11.85857
12.17869
11.00963
12.53003
12.02427
11.58652
13.09876
11.67493
11.48808
11.13117
12.20059
12.72931
12.2506
12.63124
11.60961
12.29146
12.15561
11.97276
11.63615
12.63795
11.54869
11.82006
12.53017
12.11695
11.28006
12.36252
12.16024
12.03649
12.36853
11.13778
12.10366
11.92754
12.37979
11.41537
11.81142
11.64511
12.96086
12.73291
11.7033
12.68604
11.09177
11.05326
11.19506
12.12646
11.86441
11.82823
12.19299
11.25268
11.63981
12.11413
12.11166
12.05321
12.47129
12.59979
12.02467
12.16801
11.92426
11.90959
12.30518
11.25304
11.81802
11.18989
12.3879
11.27186
11.26676
11.5039
12.14765
12.21581
11.44262
11.78712
11.84497
12.01313
11.73581
11.52455
12.34054
11.9818
12.06277
11.76097
11.32307
12.58077
12.39637
12.29058
12.83855
12.43429
12.00686
12.33051
11.66469
12.56282
12.78751
11.73174
11.43356
12.99394
12.40369
11.83992
11.41159
12.27963
12.12454
12.40711
10.97515
12.58472
12.35927
10.98423
12.07377
12.55774
11.89545
12.25621
12.22773
12.6236
12.44196
12.48031
11.97736
11.97978
12.08603
12.10483
12.19469
12.665
11.87091
12.26516
11.67374
11.51445
12.29359
12.28798
12.11763
11.78205
11.39715
12.55357
12.54665
11.16209
12.26743
11.18627
12.12436
11.44935
11.9828
12.81052
12.01118
12.4029
11.99633
12.89145
12.49871
11.4225
12.23581
11.56996
11.40828
12.17916
12.20799
12.08504
11.55352
12.41767
12.4514
12.17709
12.71923
12.15644
11.53849
12.13618
11.80658
11.58014
12.11003
12.15691
11.2327
12.00485
12.02129
12.1547
12.06415
11.16593
12.41932
12.19442
12.82627
11.54091
12.68076
12.62908
11.42315
12.70241
12.27692
12.15735
12.08925
11.39307
12.70091
12.0249
12.05854
11.79363
12.9878
12.57931
12.07453
12.46601
13.09
12.94582
12.54491
11.9752
12.33559
12.05502
12.67651
11.97537
11.40078
11.53936
12.02721
12.53582
11.70308
11.30782
11.61066
12.72398
12.48314
11.96331
11.29455
11.10269
12.2754
11.14688
12.70892
12.5701
11.22766
12.14928
12.24199
11.6077
11.85723
12.51898
11.62642
11.96535
12.11843
11.53902
12.08794
12.72376
12.07994
11.85747
12.14626
12.56474
11.62309
11.69663
12.14952
12.30522
10.97231
11.4085
12.18268
11.51653
12.07403
12.16201
12.17805
12.04223
12.21935
11.94242
12.25548
11.64737
12.45341
12.49511
12.22058
11.38643
11.70374
11.77329
12.5614
12.34536
12.01334
12.84194
11.2617
11.49487
11.58654
12.27597
12.73128
11.63988
11.69719
12.06282
11.2445
11.77844
12.16828
11.73827
11.88811
12.6119
11.69552
12.57405
12.6585
12.04879
12.78219
11.24096
12.9149
12.76692
11.00192
11.87451
12.09404
11.78261
11.28568
11.77295
12.79159
11.47945
11.6708
12.18235
11.6067
11.28111
11.51412
12.73752
11.39889
12.65773
12.45672
12.44435
12.60598
12.32859
12.29626
12.78554
12.15115
11.42015
12.18375
12.49585
11.99622
12.03621
11.84335
12.27402
11.91335
12.43879
11.21214
11.96788
12.22838
11.85727
11.26341
12.61477
12.36207
11.36124
11.69567
11.93253
12.47296
12.24482
12.14362
12.08905
11.28559
12.68794
12.18519
11.27119
12.38467
11.93083
12.84346
11.84558
11.18169
12.76701
12.04976
12.07856
12.6132
11.53797
12.32946
11.26757
11.80626
11.62434
12.4826
12.2785
13.02734
12.08139
12.22424
11.28702
11.41945
12.11001
12.58787
12.82533
12.42814
12.68661
12.26138
11.66525
12.76163
11.60535
12.05438
12.13604
11.8087
13.04623
12.36275
11.08458
12.92143
12.28995
12.24357
12.38323
12.86032
11.63329
11.0332
11.10758
12.01783
11.55322
11.508
11.21086
12.09629
12.3015
12.67871
11.42912
12.32494
11.98222
11.80233
12.1397
11.98215
12.53407
12.59564
12.06321
12.13542
11.72481
12.25912
12.21008
12.45142
12.55611
11.29796
11.68267
12.00769
12.35205
12.82496
11.33137
11.53503
12.08404
11.61309
12.06518
12.05401
12.62491
12.21885
11.23376
11.85457
11.78037
11.7731
12.14941
11.83759
12.32009
11.67398
11.65905
12.64957
11.10385
12.00403
12.36694
12.03292
11.63441
12.3961
11.54723
12.97265
11.1049
11.3743
12.50585
11.91584
11.41981
12.3684
12.17164
11.59358
12.00968
12.4927
11.89989
11.79672
11.98006
12.41346
11.30934
11.88938
12.21646
12.47493
12.8043
11.72057
12.76818
11.07493
12.06264
11.67326
11.63747
12.10774
12.14156
12.21315
12.68507
11.91457
11.746
12.13616
12.23259
12.70031
12.87755
11.86699
11.49745
12.63044
12.53548
11.77329
12.64528
12.18052
12.68155
12.01959
11.5079
11.64043
11.6129
12.63731
12.24476
12.43976
12.15145
11.9908
11.51415
12.16408
11.90728
12.19775
11.38934
12.04338
12.49008
11.99263
11.44732
11.96416
11.95179
13.02177
11.21208
11.46215
11.49085
12.13741
12.5264
11.39561
12.56061
12.17241
11.97851
12.3323
12.10207
12.18141
12.61584
12.36368
11.95769
11.06833
12.28663
12.4736
12.34046
12.87144
11.41773
12.51775
11.92412
12.33738
12.0915
11.945
12.16275
11.75325
12.09685
12.70979
12.01368
12.12312
11.26734
11.23133
12.49628
12.31639
12.91991
12.10756
12.49179
12.24418
11.08716
11.50164
12.88967
12.65697
12.55795
11.3346
11.98535
11.40116
11.19513
11.89199
12.33186
12.37987
11.96889
12.81798
12.33818
12.08075
12.38635
11.70946
12.74972
11.60905
12.53383
11.19808
11.33478
11.80722
11.87667
12.92017
11.55791
12.43447
11.91336
12.32809
12.36027
11.77056
11.70429
12.23695
12.13048
11.89559
12.00206
11.3519
12.3186
11.71964
12.52842
11.84821
11.97862
12.45787
11.19369
11.58938
11.81217
12.31656
11.18276
12.12397
11.42656
12.14575
11.0918
11.54772
11.23984
12.10267
11.90238
11.87454
12.17458
11.64761
11.84122
12.8323
11.84226
11.9014
12.58053
10.97029
11.50757
11.70503
11.88992
12.50116
11.9804
11.50486
13.08628
11.66579
11.57451
11.82348
12.63666
11.9496
11.67791
12.05625
11.23659
12.73645
12.05592
11.55693
12.54615
11.23488
12.02404
12.08966
12.39528
12.2802
12.25274
12.65864
12.9412
12.28561
11.80916
12.72428
12.13778
12.6465
11.8454
12.05244
12.05045
12.07535
11.74709
12.73291
11.18954
12.44374
11.16076
11.338
12.14814
12.24592
11.55601
11.9899
12.78974
11.47906
12.36078
11.8382
11.40091
11.63548
11.99919
11.58986
11.24409
11.60059
12.58344
11.78894
11.99646
11.05524
12.31008
11.89226
12.97568
12.23726
12.7174
12.4497
12.75152
12.56872
12.81468
11.77719
12.24807
11.92227
12.00163
11.48297
11.94774
11.85027
12.62086
12.26862
11.64703
12.25095
12.69058
12.11819
12.12876
12.19279
13.04466
11.79297
11.71384
12.38819
12.59236
11.47754
12.17721
12.72577
11.22136
13.06782
11.11192
11.62745
12.72102
11.89329
12.03639
12.25794
12.73064
12.34132
12.31017
12.50222
12.80393
12.85703
11.99294
12.81349
12.64429
12.31744
11.58401
11.59618
12.51012
12.86723
11.34217
12.15307
11.47967
12.46283
11.93819
11.50101
11.02958
11.84021
12.34554
12.5156
12.0683
11.67949
12.28921
11.36338
12.14121
12.60053
12.59029
11.68054
11.21934
11.8068
12.70379
12.22427
11.88545
12.2548
11.57981
12.18604
12.90696
12.9513
11.39012
11.86005
11.75487
12.30914
12.52626
12.42606
11.64906
12.08903
12.97854
12.37882
12.55948
11.36063
12.06493
12.68871
11.51756
12.97839
12.07016
12.88313
12.12951
11.26203
13.07087
11.43803
11.35014
12.53296
11.82778
12.79372
12.67599
12.12346
11.99235
11.96811
12.48555
11.93522
11.558
12.35672
12.08779
12.67646
11.60028
11.3489
12.38737
12.72604
11.85587
11.43713
12.36176
12.32599
12.53448
11.65776
10.98083
11.63711
11.80277
12.56354
11.04856
11.63327
11.77286
12.03651
11.8021
11.86175
12.49782
13.06928
11.99752
12.45086
12.72453
11.37188
12.03308
12.04679
12.36238
12.2303
12.52855
12.67229
12.39402
12.84129
12.28489
12.33091
11.40735
11.80938
12.2203
11.87709
12.71894
11.54773
12.31321
11.5914
11.8255
12.6739
11.87731
11.24213
12.33701
11.85712
12.35996
12.38166
12.58829
11.47979
11.49425
11.86549
11.84243
11.65186
12.76142
11.79642
11.62492
12.53937
12.77405
11.87307
12.38735
12.12877
11.9129
11.5663
12.29244
11.91118
12.6606
11.84006
12.0496
11.10323
12.0482
12.44223
12.96845
12.70583
11.49582
11.86088
12.60325
11.20944
11.96856
12.59531
11.79215
11.77085
11.76337
11.61745
12.51168
12.29902
12.15077
11.89641
12.12696
12.22653
12.69673
11.83067
12.08688
11.7575
11.17744
11.48892
12.41937
11.56161
12.35305
12.81808
12.18375
12.45131
12.87077
12.31889
12.47752
12.1735
11.8858
11.73881
11.05234
11.13477
12.46759
12.69292
11.56475
11.69757
12.623
11.74288
11.90371
12.78006
12.5212
12.98945
12.082
12.95057
12.31378
12.52157
11.43272
12.89261
11.811
11.19715
12.34785
11.7425
11.34406
11.33676
11.36563
11.62121
12.76383
11.2674
11.95934
11.63958
12.4522
12.18757
12.75831
12.33754
12.12142
11.26351
12.25966
12.05676
12.43982
12.70766
11.34774
12.09957
12.76144
12.00519
11.79536
12.80345
12.62707
12.567
11.49644
12.05991
12.03057
12.47878
12.12601
12.15628
12.58623
12.89758
11.6526
11.40686
12.89171
12.38941
12.32732
12.56747
12.48552
11.77373
11.74925
11.73636
11.96455
11.41457
12.66925
11.78238
12.11246
12.01568
12.30315
11.5358
12.23328
11.56645
11.26716
11.39809
11.7068
11.22694
11.69267
12.13401
12.1042
12.27233
12.13781
12.32137
12.2916
11.12569
11.24589
12.13632
12.03641
11.97946
11.36773
11.72034
12.26493
12.09352
11.43506
11.21933
12.10894
12.23172
12.18403
12.67882
12.40483
12.2769
12.09139
11.20867
12.46731
11.99424
11.70116
12.14444
12.54649
12.1898
11.23437
12.56314
11.81346
11.53745
11.65815
12.35599
12.50768
12.14342
11.08673
12.3084
11.75826
12.29316
12.83819
12.33441
11.5371
11.7515
11.49386
12.29735
12.07615
12.24384
12.8242
12.58616
12.19707
11.87414
12.57649
11.83154
11.3181
12.71497
12.22441
12.39782
11.33979
11.94836
11.60038
11.74655
12.66025
11.33408
11.60398
12.26784
12.15945
12.82689
12.10481
11.46983
11.94759
11.88197
12.22467
12.15936
12.35104
11.94926
12.46389
11.88087
12.30386
12.60603
12.71102
12.2245
12.26623
11.51289
12.73956
12.58617
11.99844
12.01712
11.73121
12.30513
12.51297
11.6932
12.66874
12.14966
11.5716
12.06509
12.09378
11.1111
12.0196
12.07419
11.67039
11.95058
11.88031
11.77095
12.43014
12.05217
11.86463
12.46475
12.00834
11.37596
11.61224
12.70399
11.67819
12.56545
11.49134
12.57978
12.07179
12.30901
11.38456
12.53941
12.08338
12.49803
12.05735
12.42274
12.43741
11.76207
12.04395
12.60398
11.97369
12.92148
11.62934
11.31948
11.64802
12.18749
13.05815
12.26512
12.11472
11.98574
11.58725
12.10326
13.01554
11.80299
12.28042
11.32315
11.99383
10.99173
11.81711
12.05092
12.05166
10.99064
13.10025
11.88875
11.97704
11.27806
11.5761
11.82949
13.09941
11.27049
11.82125
12.00955
11.6024
12.36505
12.60336
11.28613
11.77553
12.65382
12.92466
11.84254
12.51969
12.69842
12.71258
11.56307
11.58812
11.36105
12.77445
12.05924
11.94146
12.1026
12.14691
12.28012
12.15752
12.7981
12.44075
12.13497
12.01505
12.27836
12.78902
12.02854
11.38021
11.45983
11.93755
11.07951
12.31003
11.83373
12.84926
12.66138
12.06099
12.30797
12.2071
12.50816
11.99588
11.2952
12.49981
12.24567
12.36609
12.39687
12.4645
11.76558
12.02693
12.82204
11.83807
11.35236
12.41707
12.39251
12.54696
12.68967
11.57232
11.9317
11.41124
12.04171
12.72739
12.8144
11.14363
12.0885
11.61084
11.99343
12.34062
11.2381
12.97521
12.40034
12.5834
12.52513
11.39295
12.1841
12.24001
11.97741
12.48744
11.8762
11.99054
11.62429
11.98283
11.33654
11.16219
12.28747
12.3711
12.04218
11.65467
12.11748
12.01724
12.6272
11.61186
12.14653
12.41391
12.71148
11.31731
12.68015
11.88018
12.8855
11.06236
12.76452
12.5072
11.00367
12.72843
12.36185
12.11846
12.10962
12.32273
11.26293
12.04169
12.81254
11.70622
11.23449
12.36311
12.42446
12.24132
12.21361
12.28896
12.44643
11.69313
12.00828
11.80555
12.05363
12.34346
12.32553
11.87
11.54656
12.0765
11.64499
11.74332
11.58338
11.96533
11.20191
12.04325
11.59951
11.96175
11.77528
11.78241
11.74532
11.62266
12.08579
12.23452
12.06303
12.1736
11.46874
11.55523
12.19655
11.48732
12.94132
12.08901
12.24318
12.45593
11.44308
12.17047
11.49541
11.57962
12.26933
12.30289
12.25748
11.85736
12.69802
12.34793
12.14475
11.73139
11.88832
12.8453
12.05907
12.89813
12.34436
12.05433
11.85137
11.78429
12.64978
11.46854
11.1793
11.4017
12.07397
11.95504
12.53189
12.22817
11.49886
12.17125
11.55745
11.58282
12.274
12.02375
12.80376
12.10101
11.62973
12.39974
11.74109
11.3944
11.10632
12.39285
12.3318
12.48685
11.6917
12.13797
12.05654
12.10578
11.38915
12.62422
11.31757
11.87952
12.56609
12.42497
12.2726
12.40808
12.14279
12.30843
12.06931
11.96344
12.51638
12.43365
11.64794
11.6937
12.76664
11.88331
11.67523
11.49635
11.89975
12.5926
11.91017
12.10487
11.79232
11.12925
12.38026
12.03647
11.3362
12.13571
11.59367
12.31432
12.53559
12.21785
12.63959
11.6342
12.05351
12.24213
11.61347
11.87313
12.52025
12.70892
12.56044
12.45879
12.04319
11.5938
12.07143
12.09529
12.92076
12.61087
12.29009
12.80851
12.6724
11.92526
11.67626
12.19625
11.96233
12.01248
12.22476
12.743
11.46071
12.65796
12.67269
11.63465
11.7358
13.06603
11.7004
12.60624
12.16392
12.55362
11.02413
11.94239
12.34313
13.05772
12.31335
11.95635
12.03053
12.64324
11.94816
12.49377
12.81812
11.14784
11.55401
12.62512
11.39664
12.01929
11.38509
11.94244
12.03186
12.34137
12.01689
11.33534
11.61147
11.90837
12.34648
12.91919
11.77647
12.05985
12.04453
12.12981
12.33559
12.00711
11.89308
12.24816
11.51597
11.66094
12.14765
12.20012
11.2844
11.98327
12.70762
12.34559
11.79289
12.42736
12.56481
12.61086
11.82948
12.04186
11.62137
12.3177
12.02974
12.21522
11.81395
11.92702
12.01805
11.96194
12.03196
12.50868
12.77532
11.86915
12.70648
12.5916
11.06881
12.23103
11.97343
12.00912
12.07395
11.83775
12.76277
12.54044
11.92262
12.73127
11.79571
12.36995
12.15012
12.5552
11.78522
11.72545
12.23848
11.70342
12.56211
12.06247
11.9763
11.97236
11.83264
12.87247
12.1985
12.93665
12.07131
12.59716
12.63576
12.73117
11.41946
11.53262
12.64024
11.97096
11.53394
11.98217
11.87149
12.30913
11.80462
12.341
12.13775
11.51437
11.69442
12.65888
12.57725
12.82517
11.22773
12.76958
11.66539
11.6818
12.22449
11.81799
12.79323
12.85349
11.41416
12.63709
12.62938
12.88829
11.44809
12.7621
11.92276
12.96392
11.17369
11.7711
11.99663
12.41184
13.01341
12.30979
11.73926
11.35601
12.14741
12.16321
12.16577
12.74862
11.25297
11.82736
12.74843
12.07722
12.28863
12.72785
12.70666
11.1294
11.60739
12.4656
11.45956
11.71874
12.41339
12.07869
12.71256
11.33254
12.36662
12.49067
12.30628
12.77496
12.66239
12.8743
12.43741
11.98484
12.08339
11.92084
11.02217
12.03398
11.66642
12.03369
11.86944
12.61492
11.94994
11.54596
12.77994
12.09117
11.95062
11.92084
11.86836
12.37934
12.30155
12.635
11.91312
12.37932
12.37565
12.61768
12.07648
11.59439
12.30238
12.72772
12.79841
11.90052
11.77702
11.45239
12.74952
12.63789
12.74428
12.86723
12.05957
11.87684
12.54669
12.25429
11.96997
12.96255
12.27455
12.54439
12.25441
12.3561
12.28132
12.10382
12.4148
12.67162
11.87182
12.17962
12.56215
11.89322
12.63036
11.83156
12.25891
11.2926
12.27701
11.96017
12.94143
12.16981
12.71871
12.2822
12.68776
11.70571
11.95105
12.85534
12.20803
12.00049
11.74516
12.56837
12.62173
11.9145
11.55074
11.60457
12.2294
12.70717
11.29251
11.75379
11.57798
12.29477
12.49368
12.0812
12.62729
12.11896
11.71952
11.80914
11.04496
12.11396
11.87216
12.05645
11.43481
11.62378
11.9464
12.39038
11.84087
11.6114
12.81873
12.22067
12.65143
12.60307
12.62519
12.89151
12.59866
11.90991
12.51508
12.74469
12.18711
12.29455
12.95088
12.41792
11.72126
11.56395
11.09219
12.85034
11.2091
12.18328
12.24177
11.01704
12.09508
12.19936
12.45752
12.48004
11.1239
11.9527
11.60407
12.82522
11.9142
12.19337
11.47539
12.33936
11.84393
11.48384
12.86226
11.80622
11.59925
12.8283
12.72384
11.53188
12.54439
12.57358
12.30855
12.74244
12.34587
12.31115
11.77914
12.20348
12.04068
12.15983
12.88722
11.34522
11.52723
11.15611
12.31668
11.92456
11.84551
11.9743
11.10943
11.99372
11.73945
12.41712
12.51787
11.40294
11.94497
12.70041
12.30814
11.13266
12.2812
11.89237
11.77107
12.24868
12.44241
12.3078
12.29017
12.57304
11.95706
11.14878
11.93454
11.62824
11.05032
12.34787
12.66978
12.07328
11.79932
12.09665
11.465
12.47855
11.9852
11.64464
12.01338
12.13727
12.48778
11.25986
11.57239
12.65201
11.76173
11.91342
11.54991
11.23927
12.31988
11.80608
12.63038
12.80504
11.44886
12.06344
11.36315
11.41321
12.63703
12.16315
12.01515
11.6336
12.11901
12.4667
11.23526
12.27155
11.62595
12.46678
11.51407
12.22162
11.68376
11.18954
12.14503
11.69088
12.4971
12.06267
12.05539
12.17
12.24477
11.5728
11.94432
11.90875
12.1622
12.68174
11.07024
12.58218
11.80287
12.39643
12.08454
11.88774
12.80362
12.13206
11.83786
11.56807
12.56633
11.91083
12.39195
12.18192
12.13788
11.94632
11.46909
12.2646
12.09989
12.0103
12.32069
11.7494
12.30627
12.31366
12.32432
12.28554
12.42563
12.553
12.1547
12.3644
11.97304
11.30251
11.74841
11.94117
12.42079
11.83414
11.23688
11.70013
12.09372
11.60811
12.75499
12.4886
11.76627
11.20047
12.9242
12.19124
12.52219
11.86413
11.9349
12.63495
11.98105
11.8225
12.57541
12.7224
12.32571
12.40333
12.76892
12.23327
11.06212
11.88515
12.0658
12.11365
12.32581
11.72134
12.03984
12.35029
12.12538
11.93066
11.19736
11.18019
11.81826
11.99551
12.30447
12.45505
12.45803
11.83892
12.63585
12.17924
11.25305
12.60436
11.70038
12.04116
11.3647
12.38251
12.63252
12.00167
11.76884
13.02624
12.19208
12.66498
12.42322
12.23239
12.695
12.38161
11.99954
12.84995
11.65958
12.05841
12.28571
12.31134
11.96564
12.96433
12.35382
13.0199
12.59832
11.56881
12.12998
11.20202
12.82727
12.10265
12.0101
11.94816
12.58521
12.57062
12.58416
12.70944
12.44165
11.55315
11.44757
12.26415
11.92955
12.43543
11.65769
12.53834
12.47273
12.8787
12.73294
11.6299
11.54851
12.68
12.83042
11.42126
12.01234
11.85672
11.41097
11.20695
12.05348
12.44374
12.67583
11.57202
12.55504
12.32258
11.70929
12.9242
12.84272
12.11075
12.03321
11.05317
13.06337
12.17328
12.06402
12.44198
12.72383
12.59308
12.80738
11.97892
11.7307
12.05793
11.34912
12.84736
12.59716
11.42875
11.64535
12.27187
11.76811
11.79146
11.85715
12.02511
12.97214
12.37671
12.07908
12.60524
13.05217
12.79668
11.87245
12.08445
11.36879
11.62779
12.09492
12.04385
11.6941
11.8045
12.5064
11.41601
12.10091
12.73029
11.38545
12.14364
11.61474
12.09576
12.42396
11.71409
11.89045
11.23159
12.45819
11.59782
12.28533
12.45577
12.40349
11.66036
12.67571
12.55241
12.6324
11.97547
12.20666
11.74353
12.2659
12.16194
13.00033
12.76551
12.20368
11.90217
11.69898
12.18399
12.56135
12.0546
12.75347
12.22642
11.52131
12.45704
12.51458
11.53599
12.34046
12.03536
12.6171
11.94482
12.38433
11.28203
12.49192
12.2561
11.87571
11.80037
11.71444
11.88845
11.8039
11.48151
11.95787
11.58449
11.68761
11.56247
12.26691
12.54595
12.74381
13.01817
11.77451
11.42361
11.86721
12.69888
12.12516
11.64985
12.03813
11.90679
12.2489
11.68047
11.91579
12.49447
12.20899
11.73625
12.09991
11.88049
12.4652
11.03529
11.57631
11.86629
12.15034
12.58402
12.37058
11.46067
11.32252
11.20051
11.26717
11.39415
11.78716
11.24018
11.71359
11.87795
12.46207
12.3951
12.69367
11.80202
12.38169
11.91398
12.10711
12.144
11.3919
12.19442
11.65659
12.32294
12.45997
12.61197
12.65615
12.53025
12.06159
12.78429
12.16718
12.2127
11.93495
12.04859
12.40302
12.82616
11.59585
11.7122
11.5698
12.05283
12.5525
12.538
12.75902
11.86308
12.2962
11.68009
12.53111
11.38337
11.21636
11.14076
12.16889
12.05849
11.00396
11.8275
12.16219
12.31423
12.02672
11.36112
12.20204
12.19095
12.89358
13.00985
12.85199
12.66479
12.96504
12.3598
12.61198
12.20171
11.50006
12.23604
12.07569
12.39549
12.90248
12.57856
11.77128
11.67886
12.5766
11.64043
12.12906
12.51049
12.69734
12.16056
12.93372
11.91482
11.50003
13.09376
11.64617
11.92854
12.28158
12.54908
12.40234
12.02857
12.15385
12.1781
11.98518
12.4419
11.9171
11.83933
