12.26136
12.37982
11.76358
11.4921
12.05933
11.51589
12.13605
12.60837
12.23035
11.21684
12.72236
12.18457
12.25089
11.61185
12.89696
11.87113
11.77954
11.93936
11.29582
11.43613
11.40408
11.20622
12.23442
11.49586
12.05383
11.49622
12.33914
12.23612
12.65567
12.00367
11.5285
12.30874
11.61856
12.12199
12.1414
12.06988
12.46599
12.71538
13.11205
12.47616
12.88185
11.84998
12.19276
11.50149
12.06765
11.81978
12.24804
12.07721
12.21082
12.17053
11.55707
11.486
12.87915
11.75495
11.555
12.30138
12.218
11.16884
12.12158
12.38515
11.3314
11.64128
12.26113
12.61923
12.01155
12.03765
11.69788
12.72039
11.17156
12.53186
11.63458
11.52571
11.84502
12.53284
12.29623
12.5991
12.12645
11.46618
12.25386
11.9942
12.7256
11.73409
12.00607
12.51045
12.36123
11.96981
12.62582
11.48204
12.58479
12.52774
12.37439
11.93952
12.8416
11.92013
11.03421
12.76696
11.8385
11.46479
12.88332
12.4143
11.54071
11.71663
12.61469
11.77803
11.89132
11.94915
11.72694
12.72958
12.93895
12.34283
12.50005
11.2188
12.59476
11.69174
11.33133
12.35464
12.30681
11.97991
12.34616
12.9277
11.74575
12.43198
12.26539
12.71445
11.52419
12.98394
11.87555
11.74357
12.01178
12.37559
12.15247
11.24041
11.80875
12.79839
11.7494
12.26612
12.58071
12.23772
12.17716
11.16899
12.01713
11.16256
11.83543
11.78569
12.76412
11.52041
11.67242
10.97263
12.10458
12.0989
11.71809
12.34646
11.81612
12.08536
11.70316
11.51121
11.42131
12.08673
11.28666
12.06515
13.03416
12.27457
11.1185
11.93382
12.34654
12.12201
11.73785
12.64053
11.496
12.89924
12.01325
13.08509
12.71813
12.19193
11.91574
11.13877
12.36076
12.69887
11.6928
12.50466
12.48065
11.74446
11.96528
11.56788
12.77885
11.65192
11.79105
12.46477
12.41993
12.5667
11.65577
12.13734
12.85553
11.73673
11.91412
12.59205
12.51399
12.25822
12.20182
12.09752
12.92794
12.08133
11.55391
12.45615
12.01502
11.56549
13.09287
12.12124
12.01151
11.54549
11.91475
12.48116
11.65208
12.71405
13.0125
11.60864
12.83275
11.78816
12.37136
11.15901
11.44418
11.93884
11.92363
12.0137
12.14296
10.90761
12.07986
11.76461
12.11728
10.93736
12.15416
11.73263
12.25682
12.18317
12.06926
12.41824
12.22166
11.9512
11.48792
12.02923
12.84865
11.90396
12.01584
10.89939
11.53544
13.10977
12.45292
11.77245
12.28355
11.74155
12.01165
11.63921
11.95124
12.747
11.84265
11.53046
12.99431
12.91543
11.81673
12.03843
12.1612
12.93597
11.76617
11.38973
12.14941
12.23963
12.81775
11.81643
12.13595
11.90408
12.2114
11.35219
12.85551
11.97881
12.59208
12.57845
12.75918
12.27304
12.06317
12.75029
11.77361
11.95912
12.0684
12.0918
12.50652
11.68553
11.44503
12.27534
11.80149
11.41201
12.45597
10.95171
12.20908
12.01375
11.90454
12.00232
12.07746
11.91099
11.72569
12.94838
11.36959
12.53947
12.90339
11.69231
11.91385
11.47135
11.26418
11.07258
12.10095
12.4067
11.81195
11.26917
12.27605
12.00084
12.48306
12.24616
12.07632
12.10673
11.26539
12.31462
12.18302
12.01057
12.2577
12.31513
11.9889
12.43699
12.18975
12.11291
11.2603
12.73465
11.85051
11.40994
13.11375
12.03338
12.87543
12.51606
12.16289
12.23222
11.91504
11.97134
12.37596
12.01496
11.55369
11.74518
12.20554
11.77724
12.30118
12.24025
12.05264
10.89741
11.05959
11.41929
11.7067
11.7397
12.05976
12.63342
12.37906
11.55746
11.78343
11.20848
11.97072
12.52562
12.17499
11.91822
12.18189
11.65068
12.41216
12.30737
12.84394
11.57107
11.29368
11.7282
12.61969
12.24105
12.46597
12.47774
12.11399
12.07082
12.0313
13.05513
11.58346
11.75423
12.05143
12.83368
12.27863
11.95184
11.99227
12.53762
12.10608
11.93573
12.21594
12.26828
12.70218
12.27931
12.58497
12.82697
11.52135
12.34138
11.63323
11.78302
12.36693
11.1893
12.64686
13.00347
12.62271
11.96465
11.87357
11.49857
11.63782
12.16185
11.65228
12.20675
12.65244
12.35541
11.23365
12.20577
12.56387
11.45652
11.39378
12.20454
11.47139
12.01579
12.14641
11.66479
12.08058
12.2541
12.49354
11.90459
12.08576
11.53278
12.05721
12.14677
12.81479
11.61406
11.74253
12.11257
12.53108
12.78254
12.33025
12.13518
12.68046
11.55449
11.37059
11.75376
11.7504
11.06804
11.77427
12.66529
12.04849
11.53771
12.22034
12.66839
12.71257
12.29619
12.96756
12.08492
11.67425
12.01927
12.21162
11.83343
11.72862
12.41534
11.58251
12.17997
12.41245
11.8401
11.10826
12.77083
11.85738
12.39999
12.47733
12.35564
12.40149
12.57339
11.71269
12.05771
12.77438
11.69952
11.49351
12.61614
12.58452
12.64101
12.16548
12.18824
11.02771
12.13534
13.00368
12.13036
12.36796
12.42071
12.14597
12.30389
12.74777
11.2309
12.13641
11.91501
12.00224
12.19011
12.04471
11.58359
11.61275
12.45841
11.59663
12.05316
11.6643
12.15758
11.62421
12.72582
11.27953
12.60798
11.43221
12.25879
12.76885
11.77779
11.60902
11.91185
11.4966
12.18931
12.24363
12.50176
12.01655
11.79588
12.80315
12.628
13.06911
12.45783
12.75354
11.98218
12.15467
11.72003
12.10772
10.93622
12.75097
12.6902
12.31749
12.64696
12.39239
11.92166
11.54147
11.89517
12.12556
12.22503
11.92464
12.26189
12.77069
12.22448
12.20091
12.21681
12.01575
12.85492
12.19296
11.90052
12.17883
12.45392
11.90236
11.89985
12.47891
12.49484
11.87962
12.39652
11.51239
12.30158
12.54203
12.00399
12.24831
12.66984
11.72816
12.24468
11.85276
12.21458
12.3216
12.28499
11.63109
12.7239
11.57602
12.81775
12.96137
12.29943
11.2528
12.1052
12.35753
11.88866
12.08759
12.64613
11.93294
12.00807
11.17112
12.19366
12.03633
11.44082
12.20884
11.91891
11.93513
11.18496
11.75863
11.3895
11.69985
12.37469
12.53348
11.33091
11.89547
13.02256
12.18944
13.10133
12.46611
11.94231
12.1999
11.20881
11.61541
12.51057
12.4379
11.97565
12.01239
12.14504
12.44074
11.69609
12.62961
12.16457
12.04341
11.8746
12.58043
11.69721
12.21382
12.19968
12.35215
12.7444
12.65785
12.99368
11.16959
12.35884
11.79011
12.86914
12.32466
12.19098
11.11034
11.0167
12.00312
11.10387
11.72761
11.80774
12.65511
12.19109
12.47952
13.03661
11.17454
11.78593
11.53981
12.30527
12.82221
11.73406
12.46772
12.21552
11.59663
12.82682
11.92175
12.24465
11.29938
11.93597
12.21452
12.66987
12.59534
12.88515
12.68635
11.52304
11.86439
11.93925
12.37958
12.05427
12.25777
12.51381
12.13446
12.18697
12.09105
12.09085
11.79783
13.00303
11.63438
12.54535
12.41206
12.77872
10.85889
12.90318
11.54845
12.5577
11.58153
12.08393
12.11162
12.02408
11.13257
12.17105
11.77336
12.97242
13.1033
12.41013
12.29803
11.95814
11.26789
10.94733
12.03859
11.82944
11.55145
11.87538
12.25097
12.32993
10.83373
12.35899
12.16804
11.95268
11.991
12.15233
11.73093
11.26467
11.78102
12.09025
12.66211
12.39597
12.92602
11.9162
11.95314
12.17559
12.86698
11.29039
12.21071
12.64361
10.83812
11.59854
11.11217
13.07176
12.0662
12.79487
11.72288
12.19985
11.90189
11.96247
11.94538
12.78416
12.54234
11.31906
11.57722
11.79454
12.37851
12.54174
10.91067
11.85489
12.98912
12.61318
11.89698
12.6791
12.93462
11.51878
11.77631
12.53734
12.80493
12.49245
12.87068
12.88984
11.54884
11.95668
12.03269
12.70003
12.54954
11.39816
12.17351
11.95669
11.71825
12.19484
12.35633
11.81891
12.11262
12.02791
11.77782
12.55619
12.27823
12.52841
11.90002
11.97586
12.5082
11.41598
12.04765
11.43214
11.1495
12.05953
12.12095
11.56038
12.32327
12.2582
12.06124
12.13801
10.88814
12.4632
12.11897
12.03682
11.35249
11.75776
12.12364
11.28007
12.71402
11.19669
12.70285
12.22009
11.85427
12.59616
12.67728
11.86788
13.10448
11.39532
12.50478
12.38777
12.93356
12.40228
12.58822
11.66998
12.57425
12.47816
11.77991
12.14778
11.38188
12.29085
12.09458
12.19572
12.56906
12.64238
11.37895
12.33772
11.94643
12.01761
12.16889
12.30676
12.37702
11.71348
12.14414
12.19048
13.09124
11.2661
11.98115
12.01799
11.72588
11.74366
11.50675
11.31262
11.40713
12.5579
12.7519
12.17444
12.82282
12.1487
11.41604
11.96709
11.44831
11.79627
12.38218
11.36704
11.96839
11.74091
11.53249
11.52519
11.49458
12.02285
12.20737
11.76035
11.77955
12.74057
11.92843
12.0265
11.23279
12.87832
12.95557
12.03766
12.50103
11.83536
13.11229
12.60479
12.21622
12.13144
11.66858
11.11263
11.68086
12.88384
11.61358
12.27887
11.25953
12.79014
12.3482
12.13769
12.25282
11.97372
11.48648
12.84132
11.87341
11.48518
11.94699
12.49535
12.40791
11.43188
11.46423
11.61958
12.24662
12.36642
12.33415
12.70365
12.9416
12.02208
13.04799
11.54276
12.38321
12.18362
12.28948
12.20669
12.38556
12.72255
11.38496
11.99821
12.60039
11.1953
12.61423
11.53083
12.02269
12.37913
12.08477
11.04881
12.14494
12.35833
11.78541
11.91068
12.71168
11.7812
11.73613
11.3757
11.41856
12.69412
12.63808
12.09065
12.20242
12.9683
11.81164
12.10933
12.22469
12.48853
11.7024
12.38764
12.02879
11.91563
11.58006
12.16016
12.91039
11.58296
11.73176
12.51082
11.27317
11.36125
12.21207
11.83243
11.46011
11.9176
11.95584
13.06479
11.14695
11.68776
11.92601
12.05241
10.88246
12.11873
11.96615
12.1947
12.68805
12.09581
12.30698
11.30399
13.03727
11.57742
12.53169
12.17635
11.79308
12.512
12.31338
11.52414
11.38878
12.00644
12.14444
11.89567
11.75581
12.49893
12.9384
11.3368
12.03344
11.30853
12.53001
12.29194
12.37386
11.99682
12.4689
11.79801
12.07951
12.68275
11.60717
12.73001
12.24052
12.1874
11.86669
11.86887
12.22744
12.77768
12.4424
12.97797
11.94109
11.29925
12.40167
11.94853
11.95567
12.54661
11.20132
11.60796
12.8951
10.96055
11.2932
12.72931
12.72742
12.39595
11.87565
12.44711
12.15795
12.09738
10.83897
11.6582
12.82276
12.95962
12.3089
12.65342
12.16926
12.28876
11.17595
12.38112
11.0842
11.791
12.34857
11.56578
11.921
12.04554
12.93648
12.38234
12.08803
11.66206
12.0268
11.24461
12.2412
12.23531
11.71734
11.70934
11.41286
12.42717
12.19717
10.96895
11.36536
11.44514
11.61599
12.64362
12.16767
11.53868
12.15187
11.93167
11.90913
11.82904
10.86557
12.52978
12.98658
12.56145
11.36766
11.66041
11.69242
11.73565
12.24535
12.17877
12.21505
12.46911
12.32142
11.36202
12.30891
11.21498
12.30122
11.34527
12.00649
12.384
12.22296
11.44009
11.83926
12.06342
11.77825
11.9708
12.29087
12.13113
12.28085
12.33027
12.62243
12.319
12.77175
11.68305
11.1518
12.00409
12.00837
11.4948
12.86746
11.85378
11.82542
12.05173
12.16157
11.28748
12.02334
12.20253
11.66985
12.16535
12.68459
11.84235
11.24171
10.97476
11.72328
11.8781
11.37295
11.37543
11.36411
11.26158
12.31204
12.1369
11.27149
11.71994
11.53232
12.07563
12.5064
12.27374
11.95931
12.14491
11.51306
12.33495
12.30847
12.45136
12.99753
12.01243
12.47477
12.2039
11.08726
11.87909
12.48883
11.4913
12.6039
11.45063
12.16672
11.90952
11.72654
12.52684
12.00566
12.94142
11.78225
11.64203
12.58852
12.34165
12.31435
12.02015
11.92848
12.00478
12.32792
11.97564
12.07468
11.22326
11.45878
12.17928
11.96374
12.02052
12.24631
12.47666
12.14018
12.48925
12.00109
12.60491
11.57887
11.47956
12.531
12.75226
11.89676
12.0026
11.94623
12.51633
11.35596
11.44998
12.76426
12.07429
12.44074
12.59793
11.79985
12.28791
12.69015
11.31648
12.09934
12.02251
12.74434
12.27238
12.27958
11.03372
12.24188
11.51591
12.1482
12.09592
12.53881
12.44615
12.255
12.26373
11.866
11.02603
11.15913
12.00366
11.84422
12.2439
12.71369
12.92828
11.64179
12.312
11.56003
12.00129
12.37876
11.40202
12.03812
12.0976
11.99813
11.48846
12.28018
12.21873
11.67137
12.20114
13.11531
12.06503
11.20431
11.94769
12.30274
11.94318
12.66177
13.01096
12.01117
12.71254
12.85861
11.33599
12.00594
11.66469
12.7934
12.04196
12.52681
11.6886
12.53487
12.04467
11.83814
12.37635
12.05138
12.52571
12.47135
12.09626
11.69986
12.37306
11.84427
10.94714
11.75168
12.24351
12.32544
12.85566
12.04659
12.3009
11.87134
12.48643
12.11743
11.60097
11.9156
12.59574
11.71603
12.91229
12.05211
11.90763
12.68385
12.61172
13.11592
12.04139
12.44083
12.77033
12.45628
12.00672
11.76632
11.94507
11.96164
11.84353
12.02083
12.0175
11.48242
11.3195
12.31844
13.02345
12.52666
12.61561
11.33174
11.12407
12.46644
12.42557
12.54234
12.05938
11.34953
11.606
13.01134
11.39833
11.0347
12.67217
12.02869
12.06097
12.89899
12.74254
12.89446
12.07521
12.10478
11.49351
12.72232
11.43693
12.4788
12.60455
12.99921
12.24033
12.69762
11.97413
12.45283
12.59313
12.63478
12.32464
12.15467
11.7869
11.67082
12.84468
12.32298
11.96562
12.19905
11.87841
12.30181
12.93019
11.68364
11.84847
12.03644
11.96771
12.30369
12.11242
12.55761
12.03323
12.14498
12.16303
12.48253
12.38202
12.21441
11.97092
11.37849
12.21911
12.19054
11.99138
12.83804
11.7789
11.81834
11.30808
12.49769
12.53178
12.25004
12.31199
12.67845
12.22839
11.68093
12.08127
11.88612
12.73928
11.68577
12.06977
11.98949
12.50337
11.51346
11.93835
11.17775
12.35131
12.38786
12.47415
11.86717
12.08689
11.79219
12.16022
12.07637
11.47723
12.23059
11.28849
12.16806
11.90783
11.41614
12.78137
12.05378
11.93126
11.40496
11.78863
11.38686
11.78599
12.23485
10.82057
12.3237
11.42466
12.4186
11.65261
12.91562
11.6005
12.3245
12.28865
11.9217
11.39376
11.50386
12.1183
12.29953
12.41153
12.21967
12.28125
12.96428
12.1586
12.46697
11.53338
12.54913
11.45481
12.4747
11.90493
11.99778
11.42019
12.24923
12.92518
12.5517
11.7522
13.10708
12.59567
11.52797
12.02946
12.12413
12.38306
12.77306
12.09862
11.62043
11.95852
11.63025
12.33775
11.55206
12.57638
11.6298
11.79985
13.04681
12.33719
11.84379
11.92208
12.26389
12.75383
11.59578
11.89607
12.19262
11.90891
11.72787
12.49489
12.37939
12.38164
13.09699
11.6479
12.53831
12.19882
11.46182
12.03633
11.15617
12.70152
12.96973
11.97383
12.31263
12.6984
12.79167
11.55033
12.01326
12.06499
12.47815
12.15144
12.41663
11.95934
12.22875
11.74795
11.66981
12.29112
13.10611
11.59913
11.89725
11.866
11.53298
12.81746
12.04743
12.35743
12.42673
12.09786
11.62278
11.81779
11.56389
11.95023
12.45371
11.87987
12.70106
12.26185
12.44327
11.76875
12.29596
12.71236
12.05033
11.35654
12.44246
12.55162
11.62278
11.70585
11.74494
11.88454
12.0424
11.81035
11.78579
12.75416
12.03323
12.06474
11.2691
12.0214
12.34994
11.24738
12.42086
11.94679
12.33235
12.57221
11.47353
13.07448
12.3224
12.37914
11.53345
11.6026
13.10434
12.80501
11.25067
11.00112
12.29584
11.81456
13.11614
12.92614
11.46008
12.16892
12.43001
12.34678
13.10343
12.0596
12.10214
12.35439
12.42228
12.43491
12.95402
10.89026
11.27204
11.93761
12.40574
12.92681
12.0939
11.8694
13.0038
12.88571
11.6576
12.26702
12.01708
12.87568
12.15934
11.94438
12.25629
11.46967
12.30417
11.31829
11.39782
12.54897
12.27521
11.92271
11.42433
12.90962
11.61749
12.64662
12.17008
13.07975
11.84854
12.10173
12.39131
12.1465
12.29323
12.54458
11.89656
13.08727
12.47058
12.26465
11.821
12.60239
11.74885
12.00275
11.77119
12.2343
11.98934
11.90216
12.52543
11.23427
11.7486
11.46187
11.9232
12.32077
12.84486
10.86145
11.81797
12.08936
12.29676
11.78329
11.35347
12.87942
12.02125
11.58263
13.07633
12.33738
12.51952
11.97124
11.08741
12.03312
12.19173
12.46567
12.79443
11.89692
11.79374
12.9135
12.43408
12.28267
11.07472
13.05321
12.41723
12.43515
12.04365
11.8051
11.24023
12.0084
11.64915
12.01075
11.43757
11.91164
12.53421
11.94356
11.56421
12.64044
12.11838
11.49171
12.07932
12.18347
10.93114
12.36405
12.61935
11.53542
11.2318
12.45285
12.64142
12.22973
11.89926
11.5783
11.89333
12.17388
12.11869
12.54512
12.5911
11.67307
12.95054
12.22052
12.19701
12.16917
11.42185
11.90917
12.45288
12.98443
12.54463
11.83934
12.56657
12.42231
12.30605
12.94836
12.11428
12.36275
11.65317
12.25971
11.38665
11.93372
12.65799
11.6727
12.07833
11.54889
13.04103
12.94126
11.96774
12.79286
11.39035
12.44017
11.99503
12.19659
11.52773
12.04013
12.03601
11.8687
12.11775
12.1394
13.05544
12.14615
12.32847
12.60765
12.164
12.85358
12.32951
11.7172
12.25804
11.93321
12.33098
11.88568
12.48931
12.85005
11.30547
12.39678
12.29256
12.24688
12.49814
12.69889
12.17706
12.80519
11.27615
12.11095
12.43252
11.60652
12.69278
11.64791
11.82141
12.49225
12.80663
12.16771
11.79612
11.57737
11.83399
12.09756
12.63264
12.06463
12.37759
12.63129
11.82893
11.88568
11.82535
11.5057
11.60521
12.55953
13.01223
11.57413
11.80459
11.93669
11.42256
12.68723
12.85175
11.96994
12.512
12.74732
12.2824
13.10285
12.24057
12.22092
13.00278
11.54645
11.69752
11.89504
11.58181
11.54892
12.69248
12.76235
12.33408
11.31299
12.93125
11.33625
11.76314
12.15702
12.64129
11.63536
12.68284
12.21578
12.53015
11.8612
12.37416
11.63197
12.8487
12.55576
10.86643
11.97432
12.14192
12.75124
12.31449
12.00593
11.36706
12.68906
12.68018
11.47602
12.72432
12.06321
12.41766
11.40166
11.75531
12.11224
12.3088
12.03594
11.99669
11.86716
12.46355
11.93882
12.12986
12.07514
12.50601
11.80505
11.88926
12.29585
11.02747
12.08586
12.11952
12.1277
12.03962
12.38266
12.69949
11.8316
12.40868
11.84143
12.34719
12.01398
11.93293
13.03152
11.70728
12.48719
12.15629
11.23316
12.06226
11.33163
11.75102
12.42094
11.59196
11.57478
12.06624
12.2795
12.4456
11.85369
11.87472
11.16842
12.26287
11.41658
12.20755
12.64755
12.27548
11.11236
13.07135
12.47021
12.23018
11.30142
11.96789
12.79901
11.86212
11.66746
12.57152
12.59493
12.44662
11.68514
12.18395
11.74817
10.92641
12.0442
11.64045
11.64645
11.47573
12.00557
12.23149
12.82103
12.43776
11.47216
11.01423
12.85309
11.67225
11.76349
11.32584
12.23881
12.46679
11.61057
11.48638
12.88843
12.25189
12.25741
11.91915
11.86345
12.21503
12.19464
12.70113
12.77671
12.22254
11.71188
12.19659
11.85592
12.50051
11.58378
12.33907
12.23224
11.9178
12.63292
12.06188
11.77359
12.22809
12.2001
12.02919
12.15893
12.54678
11.85295
11.84147
11.51484
12.62386
12.84655
12.22174
12.29042
13.10839
12.16516
12.68394
11.78281
11.68865
11.88599
12.77196
11.592
12.87623
12.4508
12.64228
11.67589
12.29127
13.02829
12.59732
12.46991
11.629
12.04938
12.23485
12.8907
12.99117
12.23411
12.43443
12.30676
11.54958
11.35952
12.04063
12.45138
12.46509
12.7099
12.0558
11.50824
12.04605
12.85706
11.98171
12.9892
11.87187
11.43207
12.35956
12.32818
11.47034
11.10755
12.0546
11.74926
12.35341
13.10672
11.94573
12.17881
12.15081
12.46865
12.33193
12.97229
12.20315
12.03875
12.6517
12.68659
12.83386
12.6178
12.39037
12.18747
11.56822
11.69297
11.34877
12.25488
12.02004
12.08365
12.44836
12.31991
11.70019
11.60546
12.82957
11.03188
12.0462
12.1986
11.8351
11.81106
11.5388
12.15415
12.57756
12.19653
11.89357
12.68937
11.75415
11.27896
12.14965
12.08301
12.08616
12.13121
11.71047
11.92055
12.02838
13.02959
12.23639
11.66135
12.15178
11.50292
12.1474
12.74505
11.78293
11.18644
12.70937
11.35767
11.95088
11.9307
12.04412
12.309
12.22822
10.86638
12.06125
11.68939
11.85455
12.82886
11.25838
11.78183
12.16984
11.77066
11.95798
11.66942
11.53008
12.72283
11.48615
11.98554
12.56525
11.82725
11.78963
12.24461
12.20953
11.39919
11.93799
12.29696
12.13996
11.25441
11.37359
11.3689
12.26458
11.39877
11.35281
12.19048
11.12838
12.38408
11.66603
11.54631
12.54501
13.06878
11.7449
11.74043
11.84869
12.56129
11.83567
11.07158
12.53546
11.69362
12.30543
12.43738
13.09219
12.1819
12.11704
11.98918
11.48351
12.42965
12.28685
11.95555
12.52506
11.86057
12.04755
11.2563
12.7722
11.853
12.26453
12.03704
12.16617
11.80758
12.10865
12.70142
12.77231
12.03896
11.77695
11.91662
11.60102
12.4661
12.26253
12.59111
12.63276
11.9044
11.75084
12.24849
11.9798
12.5559
12.33695
11.99589
12.7292
11.45462
12.01111
11.92057
12.30053
12.01782
12.6328
12.36466
12.82827
12.31048
11.63975
11.76865
11.80229
11.16326
12.80999
12.66366
12.15984
12.08243
12.22596
12.16442
11.80679
12.04689
12.24731
12.33987
11.71128
12.22827
12.23048
11.67578
10.98221
11.95998
11.26811
11.75775
12.38637
12.1147
12.08365
12.19755
12.77671
13.03798
12.21769
11.82219
12.23811
12.31408
11.99318
12.56577
11.79059
11.81943
12.43913
11.49162
12.12307
12.55663
12.4955
12.46503
12.49979
11.43987
13.01522
12.96459
12.67462
12.23982
12.43234
11.55195
12.16182
11.69006
12.02061
12.80777
12.14817
11.28833
12.49926
12.20283
11.34353
12.0579
12.22036
12.54132
12.22476
12.94558
11.57962
12.57779
12.18123
11.39275
12.48679
11.80106
12.69181
11.81705
11.21232
11.32282
12.38329
11.23325
12.69795
11.11511
13.02878
11.94711
12.67908
12.38433
12.10422
11.83951
13.08991
12.47002
12.01059
12.31013
11.54421
11.6725
12.13153
12.10959
11.51799
11.05816
12.01085
11.57743
11.77178
12.89977
11.84676
11.89556
12.14049
11.90529
12.61557
11.15564
12.14454
11.05154
12.56534
10.89068
12.45243
11.53729
12.23571
12.2421
12.0287
11.88466
12.27079
11.33536
12.58913
12.77835
12.10265
12.41823
12.06205
11.99288
12.30597
11.8819
13.05486
12.30135
11.32597
12.23771
10.8033
11.60232
11.58488
12.21029
11.7339
12.4635
12.71629
11.97148
12.08637
12.48512
12.0792
11.56564
11.77899
12.35721
12.13264
12.05729
12.53824
11.68676
12.8741
12.18293
11.66806
12.56423
11.59942
11.45261
11.26391
12.35748
13.11703
11.56555
12.8526
12.17094
12.12437
11.53312
11.45293
12.2558
12.00101
11.99778
11.81225
11.42265
12.30706
11.97339
11.95761
11.71784
12.98366
12.37207
12.55299
11.39879
12.21554
12.26966
11.91032
12.27815
12.22689
11.97529
11.89659
12.39325
11.23626
12.50858
12.5893
12.04271
11.12456
11.3012
12.17544
12.76926
11.5638
12.05274
11.20593
12.45401
12.65558
12.32945
11.22586
12.76113
11.3139
11.96975
11.42334
12.04614
12.24279
12.09663
12.27759
12.20158
12.26966
12.19966
12.17973
12.28975
12.45056
12.52973
11.53877
12.58093
12.78505
11.91493
11.90597
11.70868
11.34442
11.91481
12.6888
12.37528
12.74563
12.58666
12.49809
12.64559
11.74478
12.62954
11.93537
11.87324
11.17749
12.73788
12.32484
12.34042
12.78608
11.74496
11.76896
11.80797
11.92694
12.28456
12.27574
13.09042
12.33411
11.69406
12.51858
11.68648
11.55921
11.83166
12.02149
12.18515
12.58095
12.67025
12.383
11.75223
11.618
11.75246
13.11846
11.97839
12.10904
12.19895
11.66412
12.07269
12.91127
11.16615
11.94932
12.52419
12.31624
12.77614
11.88806
12.04311
11.65961
11.59929
12.05629
11.04806
11.70903
11.91777
12.24126
12.84967
13.04999
11.9019
12.15915
12.90109
11.40457
12.96176
12.44669
11.85112
11.94901
12.15601
11.66305
11.55841
11.68458
10.92668
12.80577
11.50584
11.76448
11.75325
12.35448
12.66942
12.51503
11.16707
12.72747
11.96725
11.62746
12.21692
11.15745
11.28785
11.79571
11.68452
12.06623
11.75198
11.54107
11.56726
11.89627
12.30748
11.92193
12.54057
11.76273
12.05031
12.30238
11.33282
12.59147
11.87356
11.28831
12.39192
11.62011
12.12556
12.49266
11.46183
12.57083
12.08267
12.59663
12.9616
12.0948
11.82251
12.07454
12.00303
11.52178
12.03495
12.13732
12.90411
12.75406
12.11976
11.57638
12.13063
13.1126
11.31616
11.94786
12.53858
12.22223
10.84359
12.16333
11.94322
11.32026
12.44781
12.5826
12.35968
12.76687
11.81183
12.46428
11.24492
12.29886
12.454
11.9966
11.71144
12.79131
11.81691
12.50307
12.04553
11.90592
12.17474
11.15437
12.3054
12.33509
11.66106
11.95183
12.02797
12.27346
12.28474
12.26284
11.30304
12.26788
12.20958
12.15319
12.6888
11.76094
11.71456
12.15443
11.72299
12.14761
11.92733
12.17188
12.34009
11.26074
12.05882
11.85766
12.33961
11.64237
12.33295
12.65456
11.93178
12.6171
12.76664
12.4076
11.95038
11.87545
11.46535
12.57971
12.30565
11.39791
11.30625
11.49471
12.00928
10.97934
12.23859
11.41534
12.64482
11.55932
11.87398
12.54434
11.41677
11.77804
11.49585
11.80331
12.13737
11.96607
12.19283
12.012
12.14884
11.32843
11.97871
12.07731
11.83562
11.26678
11.23501
11.1688
12.10306
12.1212
11.851
11.28434
12.09818
12.87291
12.34342
12.12207
12.37453
11.46371
12.26407
11.61683
11.57733
11.91403
13.03954
12.25599
11.27352
11.94638
12.26813
10.99826
11.69799
11.59349
11.68829
12.29124
11.88963
12.32504
11.46196
11.56777
12.4106
12.52185
12.69573
12.58859
11.29458
11.51793
12.26534
11.21433
12.41614
11.30954
12.65837
12.3874
11.57725
12.17073
11.96614
11.84071
11.51529
11.99772
13.07336
11.5497
11.20355
12.0295
11.90882
12.76197
11.90453
11.87933
12.46735
12.12199
12.51676
12.21658
12.57172
12.81879
12.35505
12.33921
12.16246
11.86463
12.24874
12.48366
12.04441
12.49282
11.64935
11.65644
12.20843
11.50272
12.14593
11.5367
11.5649
12.31355
12.16904
11.52511
11.84934
11.87842
11.45449
11.60794
12.14957
12.14257
12.22034
12.39105
11.68404
12.32857
12.81189
11.53157
13.10337
12.01384
11.80499
11.2718
11.74624
11.93356
12.82609
12.78643
12.73588
12.27344
12.4177
11.93866
12.49348
11.70005
11.40283
12.43447
11.07351
12.27238
11.95087
12.13732
11.73194
11.51617
12.32466
11.97053
12.14688
12.329
12.04297
12.93438
11.97432
12.15725
12.51405
12.57714
12.40752
12.50244
12.02488
11.38022
11.91823
11.23644
11.06815
11.70106
11.94379
11.99226
12.04299
11.50659
11.48393
12.42523
11.33571
12.4247
12.31402
12.11795
11.67774
11.60249
12.31895
12.52066
11.93167
12.27124
11.02541
12.10892
12.37416
11.54019
13.04382
12.35354
11.5528
11.90098
11.79737
11.30103
11.71807
12.058
11.19459
12.43574
12.30533
11.57018
11.29581
11.84924
11.30269
12.34718
12.2574
12.09888
11.58954
12.16741
11.55168
12.88432
11.42634
11.15598
12.04407
11.7994
12.80732
11.60079
12.08435
11.10243
12.13652
12.80583
12.04874
12.48461
10.90062
11.46049
12.36212
12.26073
12.64964
11.18854
11.69561
13.0276
11.47636
11.7183
13.11247
11.20154
12.72374
12.09461
12.55055
12.25413
12.41097
12.79599
12.17444
11.65204
11.83145
12.1676
12.23011
12.08042
12.68418
11.41129
11.44177
12.08777
12.18017
11.5843
12.15698
12.17057
11.86555
12.35255
11.83419
11.90947
12.27426
12.01093
11.55434
12.14172
12.00353
12.27245
12.28316
12.47424
12.71589
11.15829
11.77909
12.94863
12.08263
12.02034
11.76029
12.72984
12.09513
12.23853
12.09295
11.38198
11.85656
12.01088
12.18253
12.36726
11.61077
12.38175
12.60604
11.45295
11.97587
12.0533
11.83352
12.73238
12.15432
13.01278
11.5108
12.48286
12.02919
12.19774
12.54417
11.25099
11.67265
12.34127
12.18517
12.13756
12.59525
12.92855
12.8178
11.20184
12.6138
11.8406
11.60462
12.60511
11.24592
12.72964
11.41062
12.19427
11.67831
11.48642
13.09086
12.19008
11.75058
11.72882
11.68983
12.31009
12.06533
12.24709
12.59956
11.91213
12.0878
13.10936
11.64423
11.51052
11.97277
12.44344
12.38499
11.56791
12.46362
11.84837
12.14552
11.99926
12.99903
12.48351
11.88964
11.69793
12.18714
11.22507
11.2816
12.49101
11.18341
12.63946
11.97604
12.59238
11.74102
11.70628
12.94224
11.89508
11.73543
12.02595
11.9342
12.83255
12.53342
12.62011
12.18808
12.08409
12.11704
12.22651
12.04546
12.19818
12.52142
12.01413
12.17192
11.30299
12.21726
11.32214
11.84765
12.72914
11.95416
12.03287
12.2867
13.08713
11.47826
12.15597
11.34223
11.92984
11.96345
11.92067
12.41828
11.94269
12.15258
12.74589
11.66179
12.1975
12.04904
12.13543
11.58239
12.55322
12.4363
11.54167
12.04188
11.36323
12.04137
12.28667
11.97616
12.19847
12.19372
12.5995
11.28664
12.15569
12.49299
11.74569
13.0533
12.2968
12.17925
12.23493
11.44593
12.08617
12.10128
12.39937
12.61726
11.7025
10.93054
11.65415
11.74896
12.43499
12.15148
12.96126
12.05512
12.00053
11.74833
12.51829
12.85987
11.57509
12.79811
11.55032
13.0153
12.65145
12.13514
11.62347
11.82515
12.47912
13.09224
11.05735
12.56712
12.04013
11.75073
12.30093
11.5365
11.56804
12.84635
11.66317
12.22864
11.88656
11.56662
12.16923
11.59269
11.94417
11.56616
12.11918
12.04384
12.15385
11.79045
11.69792
11.48907
12.73535
12.51169
12.55851
11.94235
11.79806
12.05356
12.43255
11.94885
13.10108
11.5637
11.39961
12.90687
11.6136
11.66925
12.63148
11.62184
11.92295
11.79706
12.04131
11.25555
12.08562
11.78665
11.30295
12.74831
12.03311
12.20027
12.23378
11.77347
11.34251
12.18676
11.51372
12.08752
11.53136
11.86684
12.24825
12.92682
12.92479
12.01049
11.59999
12.56688
11.54769
12.42544
11.97621
12.17902
11.08189
12.45664
12.01079
11.71306
13.11697
11.62936
11.59118
11.02023
12.16069
12.81888
12.51652
12.62973
11.68847
12.18482
12.1025
11.87824
11.66065
12.64194
11.36647
11.8765
12.50296
12.22088
11.15501
12.42209
12.09534
12.09031
12.34829
11.16595
12.03874
11.91499
12.37544
11.37773
11.74515
11.5812
13.04052
12.72635
11.68733
12.65225
11.21979
10.94695
11.10541
12.14982
11.88805
11.83627
12.16562
11.1401
11.63359
12.13658
12.19383
12.04652
12.392
12.54734
11.97743
12.15119
11.92252
11.95301
12.18279
11.30554
11.82017
11.24295
12.3941
11.37941
11.25763
11.4768
12.10709
12.23145
11.48998
11.90439
11.79865
12.05064
11.6823
11.5706
12.22384
11.86549
12.10047
11.78059
11.35608
12.52665
12.42416
12.24098
12.79031
12.21319
12.14351
12.22615
11.63698
12.62709
12.79362
11.68754
11.48246
12.83596
12.37525
11.95054
11.35965
12.29599
12.13248
12.39962
10.85514
12.56887
12.30114
11.00496
12.15112
12.56876
11.95305
12.31494
12.29669
12.64223
12.32676
12.56775
11.86046
11.8973
12.01555
12.10673
12.20697
12.7201
11.84359
12.22034
11.65692
11.49625
12.25282
12.35426
12.22882
11.84292
11.46875
12.48547
12.52634
11.16963
12.13073
11.24649
12.16647
11.54285
12.00452
12.86483
12.03855
12.27656
11.89643
12.75501
12.53294
11.48189
12.26336
11.5566
11.41456
12.21959
12.26617
12.19468
11.7414
12.29612
12.38884
12.16727
12.7311
12.22698
11.51462
12.06785
11.84448
11.66324
12.10323
12.18802
11.20825
11.93063
12.04985
12.0716
12.11062
11.07429
12.47248
12.22744
12.8956
11.44346
12.58631
12.69526
11.40161
12.71311
12.31101
12.23184
12.09882
11.43184
12.76049
12.07177
12.141
11.85237
13.00224
12.55903
12.16739
12.29239
13.0931
12.92439
12.51415
11.99513
12.3532
12.02888
12.6792
11.95452
11.35724
11.60803
11.98428
12.52544
11.60104
11.43231
11.63637
12.84792
12.26763
12.05191
11.44642
11.14802
12.19116
11.22281
12.68788
12.53184
11.115
12.1749
12.20615
11.57054
11.69276
12.54376
11.68074
11.98703
12.16423
11.54305
12.14706
12.85131
12.05276
11.96186
12.13863
12.50711
11.58125
11.73656
12.12637
12.22616
10.86914
11.41402
12.16168
11.52156
12.11229
12.12785
12.1851
12.09817
12.12902
11.93259
12.34872
11.69842
12.35664
12.42625
12.21161
11.32004
11.7167
11.71799
12.54008
12.3638
12.02741
12.86297
11.54719
11.56239
11.63436
12.29791
12.73842
11.66692
11.79885
12.11836
11.19773
11.93554
12.09755
11.81689
11.91741
12.57261
11.71133
12.59618
12.6739
11.99643
12.78657
11.27289
12.93011
12.7317
11.04377
11.76868
12.1139
11.77797
11.33589
11.73182
12.78107
11.48955
11.57999
12.24213
11.63508
11.33017
11.48121
12.64686
11.4445
12.55822
12.50858
12.45601
12.67599
12.274
12.33795
12.76186
12.02554
11.4806
12.00011
12.32184
12.00967
12.02225
11.94766
12.20559
11.96306
12.4331
11.2577
11.98518
12.06625
11.84319
11.3227
12.48489
12.32899
11.3866
11.79824
11.99495
12.29764
12.28101
11.98544
12.17722
11.173
12.62813
12.1716
11.22035
12.26025
11.8531
12.92035
11.86603
11.00339
12.75383
12.05827
12.04818
12.71059
11.59942
12.3257
11.2176
11.64272
11.76224
12.46596
12.34327
13.09551
12.12375
12.13701
11.32464
11.52992
12.07921
12.67314
12.64065
12.41727
12.62798
12.26805
11.6389
12.83076
11.6345
12.06884
12.15661
11.89268
13.11493
12.28845
11.08705
13.05783
12.41828
12.29042
12.27259
12.98262
11.6154
10.92975
11.10238
11.96841
11.56013
11.56033
11.26119
12.19043
12.39289
12.65301
11.45126
12.22984
11.94449
11.74602
12.08636
11.96697
12.47687
12.57862
12.01072
12.1392
11.76
12.23301
12.14768
12.38472
12.53165
11.24795
11.74625
11.96829
12.15288
12.91604
11.35923
11.65421
12.13133
11.66305
12.02545
11.98011
12.56123
12.16881
11.49813
11.76484
11.52052
11.79479
12.18956
11.92902
12.41715
11.66669
11.63914
12.70425
11.21215
11.94638
12.27813
12.07153
11.66059
12.27207
11.55314
13.10345
11.24257
11.3276
12.54926
11.93404
11.48201
12.33374
12.31408
11.65119
12.09356
12.48546
11.8887
11.75565
11.91586
12.43594
11.26647
11.95641
12.25964
12.42592
12.84317
11.70752
12.75517
11.02443
12.05766
11.70221
11.70479
12.15207
12.07324
12.2865
12.79527
11.92675
11.62282
12.23026
12.27227
12.71062
13.04642
11.95595
11.54368
12.56812
12.53601
11.80787
12.63671
12.0488
12.72124
12.06377
11.70073
11.73042
11.7018
12.45307
12.27316
12.43715
12.13341
12.10819
11.67354
12.08492
11.87096
12.07446
11.41186
12.08649
12.5015
11.98554
11.47051
11.91597
11.96408
13.1032
11.27666
11.51217
11.44787
12.07574
12.80722
11.39344
12.48744
12.16077
12.07693
12.14719
12.04783
12.27055
12.63653
12.29234
12.00223
11.1324
12.25688
12.47164
12.41983
13.03652
11.40093
12.53031
11.88096
12.27073
12.05349
12.04903
12.26364
11.93508
12.14503
12.69387
12.06714
12.10755
11.19092
11.17556
12.50967
12.39423
13.03311
12.20495
12.4249
12.19261
10.95223
11.59785
12.90558
12.6276
12.63093
11.37047
12.00158
11.3477
11.41651
11.97385
12.27921
12.45222
12.00607
12.73842
12.216
12.16678
12.42695
11.76306
12.80001
11.65912
12.42101
11.28613
11.34689
11.77887
11.76128
12.89411
11.58585
12.49195
11.73023
12.23195
12.36039
11.72608
11.7452
12.27672
12.0481
11.90652
12.02444
11.2676
12.26536
11.74436
12.52625
11.86188
12.01183
12.37474
11.31928
11.64662
11.82846
12.29907
11.16998
12.15184
11.42516
12.20233
11.10676
11.66898
11.29809
12.15954
11.9489
11.85561
12.17047
11.52492
11.81232
12.79031
11.84981
11.84873
12.56886
10.89061
11.52815
11.68125
11.93227
12.58315
12.0131
11.54785
13.11677
11.68467
11.65737
11.83098
12.79397
11.9016
11.81615
12.08129
11.20136
12.6992
12.0489
11.55323
12.49655
11.3045
11.98768
12.14964
12.39096
12.23995
12.0985
12.61825
13.06756
12.27421
11.85271
12.70021
12.14308
12.64405
11.91984
11.95439
12.06659
12.09472
11.68588
12.76114
11.21459
12.45401
11.16568
11.36432
12.19295
12.21775
11.53016
12.17171
12.84205
11.49931
12.38228
11.79427
11.31696
11.79469
11.99903
11.45162
11.20689
11.55997
12.48963
11.67693
11.89017
11.2617
12.29174
11.8013
13.05362
12.15068
12.80713
12.38118
12.70656
12.62255
12.88239
11.73287
12.31872
11.9043
12.03134
11.89438
12.01456
11.93452
12.59511
12.2512
11.72771
12.23114
12.71287
12.07769
12.11658
12.24371
13.1131
11.88078
11.48543
12.15914
12.43906
11.50633
12.04675
12.71858
11.28593
13.1126
11.17058
11.5784
12.75075
11.83546
12.03721
12.26017
12.84612
12.35098
12.33308
12.47314
12.77136
12.93177
11.90196
12.80522
12.6556
12.36889
11.55662
11.65413
12.50694
12.94503
11.34189
12.22616
11.31662
12.40166
11.89933
11.55641
10.91388
11.81076
12.17465
12.51108
12.02479
11.69589
12.32172
11.41665
12.22131
12.58362
12.5225
11.70919
11.21877
11.54121
12.73475
12.18023
11.89967
12.27835
11.52836
12.19611
12.9662
12.98189
11.36594
11.84464
11.8343
12.19482
12.4644
12.20298
11.62394
12.1758
13.09762
12.2687
12.524
11.34029
12.0963
12.68975
11.57316
12.91341
12.06798
12.8812
12.13118
11.59937
13.07854
11.48312
11.42814
12.37929
11.75714
12.82566
12.62371
12.13652
11.93018
11.92364
12.48908
11.89844
11.66003
12.40703
12.13361
12.51096
11.70737
11.39475
12.35344
12.75773
11.94424
11.44298
12.32265
12.32925
12.49421
11.75945
10.88547
11.7039
11.77354
12.50718
11.19397
11.77979
11.8253
12.05121
11.69021
11.71511
12.47046
13.05334
11.90462
12.41473
12.76211
11.47797
11.86618
12.04107
12.24631
12.18668
12.45554
12.60467
12.40823
12.82854
12.26786
12.33267
11.4704
11.79924
12.23294
11.87437
12.72286
11.61617
12.41369
11.63294
11.85387
12.66222
11.94717
11.31491
12.25559
11.82091
12.34902
12.39089
12.54898
11.45794
11.64155
11.72366
11.75079
11.69915
12.77798
11.79504
11.63626
12.38345
12.86796
11.89686
12.31318
12.09973
11.96804
11.60748
12.31098
11.80853
12.7157
11.78149
12.08069
11.20719
12.07154
12.31817
13.01945
12.74101
11.46004
11.90701
12.5874
11.20015
12.00922
12.60157
11.90544
11.86973
11.88831
11.63239
12.42371
12.2952
12.19818
11.91725
12.12958
12.16701
12.71014
11.89802
12.07996
11.81164
11.24712
11.66159
12.29663
11.699
12.39095
12.93778
12.2014
12.57419
12.85448
12.30336
12.50749
12.17384
11.81976
11.63672
11.05854
10.95868
12.45949
12.67311
11.67442
11.70782
12.58175
11.71389
11.88685
12.83595
12.46864
12.97579
12.09003
13.08426
12.33306
12.49903
11.43113
12.76769
11.72502
11.1688
12.38343
11.74343
11.51513
11.28195
11.34377
11.627
12.81621
11.27108
12.05951
12.00575
12.49145
12.18288
12.85114
12.39299
12.08495
11.15509
12.30376
11.954
12.42449
12.71298
11.38897
12.16687
12.70652
12.00811
11.80552
12.72956
12.54479
12.47603
11.40585
12.12253
12.01746
12.5267
12.21517
12.08287
12.50752
12.90875
11.67936
11.61412
12.91485
12.39934
12.35606
12.54872
12.46462
11.8874
11.68875
11.66772
11.86193
11.42623
12.7277
11.83906
12.1633
11.98955
12.27611
11.55543
12.28114
11.45014
11.21723
11.4738
11.86973
11.34985
11.65942
12.19408
12.21921
12.30853
12.17365
12.30662
12.17608
11.10971
11.4492
12.06307
12.06544
12.22164
11.29697
11.90239
12.30184
12.08339
11.39717
11.33833
12.13911
12.17145
12.14244
12.51874
12.34164
12.26645
12.12057
10.95467
12.39687
12.02288
11.73272
12.13933
12.54319
12.17823
11.20314
12.43994
11.76005
11.72584
11.63221
12.42664
12.52
12.24897
11.03485
12.32039
11.97332
12.36099
12.82437
12.35667
11.38441
11.75983
11.52833
12.26529
12.08783
12.16319
12.83655
12.55558
12.20391
11.93962
12.63685
11.92141
11.46761
12.81542
12.17069
12.42302
11.39712
11.96653
11.65834
11.81006
12.67782
11.33708
11.45409
12.26865
12.17336
12.865
12.13807
11.57243
11.9832
11.87061
12.12944
12.19978
12.28946
11.90532
12.44905
11.81926
12.33454
12.59754
12.62252
12.2406
12.21282
11.65876
12.77834
12.55575
11.81528
11.97116
11.56875
12.29558
12.34529
11.72174
12.70092
12.2214
11.57169
12.11386
11.9949
11.0366
12.01853
12.09255
11.72159
12.03123
11.85911
11.79626
12.5003
12.22034
11.81047
12.54255
11.94341
11.33188
11.66803
12.66417
11.77629
12.47037
11.52769
12.49337
12.05934
12.4035
11.36967
12.56086
12.15103
12.50768
12.02682
12.42946
12.47317
11.74471
12.1558
12.58875
11.87953
12.87658
11.56397
11.44166
11.68503
12.11341
13.04099
12.22471
12.18222
12.04826
11.62972
12.10837
13.10361
11.74217
12.31692
11.13853
11.94306
10.92066
11.75305
12.09006
12.04758
10.97044
13.10813
11.85439
12.11597
11.31426
11.62179
11.85716
13.11425
11.24215
11.7454
11.99666
11.66271
12.42656
12.48766
11.27835
11.72502
12.65988
12.90309
11.92875
12.53146
12.7669
12.74197
11.56523
11.78575
11.18998
12.82622
12.03037
11.80945
12.11893
12.16124
12.15738
12.14959
12.94049
12.48199
12.08975
12.02237
12.31159
12.84217
12.04283
11.40839
11.54296
11.92954
11.21329
12.39113
11.84506
12.76114
12.66793
12.05673
12.34954
12.17225
12.44122
12.07026
11.15312
12.42338
12.25815
12.248
12.44571
12.25593
11.80413
12.01184
12.88329
11.79643
11.371
12.45088
12.37009
12.58562
12.59844
11.54057
11.99888
11.45054
12.27753
12.61214
12.8263
11.13661
12.04521
11.53624
11.94403
12.20874
11.10407
13.02341
12.39925
12.50346
12.47402
11.50898
12.16597
12.35088
11.80731
12.40977
11.87562
11.8785
11.63519
11.90772
11.26484
11.23225
12.36255
12.34672
12.0786
11.65584
11.94733
12.04946
12.70816
11.72876
12.09664
12.3466
12.78103
11.41898
12.60773
11.88047
12.91606
11.08882
12.8095
12.33163
10.86567
12.75114
12.22657
12.00012
12.06321
12.36736
11.02931
12.15609
12.84348
11.78626
11.05678
12.38021
12.20347
12.22934
12.26504
12.29598
12.41338
11.62849
11.86934
11.83487
12.08694
12.31965
12.31836
11.8983
11.50324
12.1138
11.73422
11.72713
11.67787
12.03582
11.22038
12.05266
11.5467
11.99688
11.77887
11.91284
11.74317
11.55515
12.15186
12.24438
12.03449
12.0613
11.57171
11.63421
12.22198
11.56872
13.08136
12.14638
12.29883
12.47638
11.50463
12.20283
11.76576
11.64244
12.25509
12.44373
12.2471
11.8443
12.61006
12.38643
12.07564
11.72394
11.93828
12.86566
11.99585
12.78095
12.30259
12.10347
11.79655
11.75487
12.62967
11.49663
11.17664
11.36282
12.1478
11.96181
12.38431
12.20258
11.63651
12.10394
11.4933
11.78877
12.27083
12.05876
12.89592
12.02687
11.74049
12.37352
11.71083
11.47171
10.96508
12.36459
12.23196
12.51186
11.76876
12.20719
12.0519
12.01096
11.41617
12.55909
11.15337
12.035
12.49525
12.4099
12.22748
12.42792
12.15997
12.27629
12.07405
11.84599
12.52035
12.50898
11.6566
11.63032
12.7592
11.86011
11.61233
11.45812
11.98822
12.56188
11.84298
12.08743
11.77099
11.13669
12.34605
12.03802
11.55776
12.17964
11.61188
12.27094
12.49592
12.35438
12.61278
11.97344
12.12167
12.29981
11.65516
11.82982
12.45359
12.65912
12.56401
12.47871
12.14156
11.48468
11.92502
11.94082
13.04517
12.55894
12.38759
12.7778
12.587
12.06691
11.71774
12.12808
11.9808
12.02676
12.25974
12.84562
11.52343
12.76016
12.63441
11.64323
11.78793
13.00384
11.7583
12.67667
12.09409
12.5168
11.02716
11.85705
12.40918
13.01534
12.33074
11.84796
12.02941
12.73288
12.00861
12.31325
12.85156
11.17447
11.58572
12.55088
11.58868
11.95698
11.41836
12.01153
11.9847
12.42008
12.02573
11.39885
11.6474
11.78193
12.24472
12.88401
11.63399
12.0842
12.02582
12.14375
12.35613
12.03689
11.87646
12.29463
11.64502
11.60202
12.11882
12.27705
11.32824
12.06844
12.88903
12.3649
11.84079
12.30302
12.51801
12.56188
11.93309
12.09204
11.45062
12.28041
12.13659
12.18773
11.88028
11.93168
12.09277
12.04071
12.09956
12.41882
12.83435
11.97519
12.6645
12.5406
11.13248
12.23619
11.8799
12.04728
12.01855
11.89691
12.80792
12.44366
12.03365
12.84819
11.75093
12.25385
12.16468
12.52354
11.74204
11.6925
12.02469
11.68023
12.63736
12.01398
12.01388
12.02641
11.74074
12.93224
12.1445
12.9241
12.09651
12.58137
12.79041
12.67026
11.28548
11.63598
12.60667
12.02566
11.58405
12.0092
11.88524
12.17729
11.86431
12.32445
12.12711
11.57032
11.74832
12.66703
12.4405
12.82351
11.19137
12.62659
11.66885
11.69171
12.21255
11.79659
12.83675
12.84542
11.35505
12.67283
12.53666
12.98999
11.60869
12.8291
11.84401
13.05413
11.30335
11.7302
12.03157
12.39468
13.0575
12.26686
11.82594
11.31173
12.17021
12.21202
12.14589
12.82596
11.1872
11.71639
12.62469
12.09018
12.25043
12.77324
12.52355
11.08093
11.59615
12.35044
11.61981
11.78533
12.3716
12.04254
12.65793
11.30741
12.2563
12.45064
12.21671
12.92866
12.66951
12.89238
12.37932
12.02648
12.17371
11.9705
10.98009
11.99725
11.82769
12.02263
11.86677
12.47937
11.86252
11.56044
12.81708
12.10332
12.01274
12.0001
11.95556
12.40616
12.34559
12.68568
11.85284
12.24519
12.23197
12.52948
12.16247
11.52212
12.28831
12.7011
12.70576
11.8538
11.74508
11.57362
12.9062
12.52861
12.82335
12.93774
12.09038
11.969
12.578
12.30145
11.99987
12.92565
12.1673
12.52248
12.28511
12.30542
12.26012
11.96356
12.31253
12.70034
11.77359
12.22023
12.5281
11.864
12.55556
11.89347
12.29556
11.2261
12.27553
12.14594
13.07876
12.05468
12.85413
12.31995
12.77293
11.83933
11.98588
12.83487
12.12717
12.12581
11.65956
12.47099
12.56483
11.90452
11.57237
11.7328
12.24454
12.71115
11.51141
11.67119
11.52644
12.32709
12.5163
12.09827
12.61871
12.10328
11.7971
11.83977
11.12107
12.2208
12.01392
12.11317
11.38829
11.73648
11.82489
12.329
11.77241
11.60349
12.86678
12.13366
12.61777
12.6249
12.64844
13.04005
12.65472
11.9233
12.42962
12.71561
12.13682
12.24988
13.01724
12.42029
11.94026
11.67474
11.06883
12.82378
11.23352
12.26515
12.32144
10.87925
12.10096
12.24198
12.39283
12.42733
11.18489
11.99875
11.54593
12.7317
11.9533
12.18849
11.34004
12.28404
11.88929
11.56742
12.98716
11.78078
11.5244
12.96452
12.62897
11.5082
12.60159
12.53969
12.22677
12.73276
12.37378
12.26269
11.74878
12.16661
12.09798
12.11893
12.85381
11.22434
11.49582
11.22717
12.33196
11.9478
11.98502
11.88875
10.9445
12.04958
11.96309
12.42498
12.31776
11.4579
11.99102
12.77065
12.29798
11.02539
12.32608
11.8839
11.6938
12.17288
12.395
12.15698
12.19683
12.53008
11.98172
11.10079
11.86397
11.55342
11.10488
12.32443
12.68358
12.09861
11.86347
12.12963
11.48107
12.36472
12.06508
11.60084
12.04799
12.14972
12.27889
11.34529
11.50571
12.61621
11.8081
11.9487
11.70756
11.30577
12.34955
11.88192
12.52468
12.84639
11.48777
12.17547
11.35555
11.30766
12.58565
12.2367
12.00755
11.71317
12.08805
12.48036
11.10742
12.24079
11.67402
12.43256
11.55681
12.29191
11.64433
11.04522
12.18562
11.81842
12.48375
12.12985
12.05248
12.09943
12.16411
11.69539
11.91847
11.92576
12.13916
12.72319
10.82223
12.65544
11.83979
12.34571
12.15997
11.92454
12.69663
12.07664
11.87974
11.6846
12.61264
11.95937
12.42355
12.19899
12.14049
12.01102
11.51411
12.28877
12.12688
11.89619
12.31102
11.79493
12.24811
12.18158
12.33022
12.16266
12.3881
12.53972
12.18033
12.38293
11.90144
11.31019
11.75052
11.88345
12.42047
11.7608
11.2626
11.8146
12.10887
11.69515
12.92796
12.33613
11.61796
11.2292
13.0017
12.23154
12.50278
11.87655
11.94664
12.61633
11.97421
11.72008
12.48189
12.61024
12.36551
12.42764
12.90542
12.33625
10.85562
11.95033
12.08507
12.18779
12.24684
11.66817
12.12389
12.35166
12.13437
11.90066
11.28894
11.28418
11.85167
12.00546
12.35028
12.4591
12.45681
11.9161
12.64725
12.26075
11.01872
12.59068
11.68846
12.06976
11.43996
12.44206
12.6782
11.9887
11.79398
13.1049
12.14075
12.73404
12.40798
12.20788
12.66521
12.35414
12.10658
12.80569
11.75269
12.05822
12.27516
12.27317
11.94361
13.09618
12.38414
13.09161
12.61751
11.50681
12.10617
11.21917
12.92919
12.15455
11.87985
11.89473
12.49309
12.55914
12.56878
12.77831
12.44163
11.59343
11.77749
12.34668
11.97596
12.32087
11.58059
12.53071
12.45506
12.94719
12.74177
11.60451
11.62782
12.55761
12.88889
11.45305
12.02778
11.96789
11.43581
11.29693
12.03769
12.41763
12.66817
11.47512
12.57576
12.30541
11.69367
13.00857
12.90859
12.17639
12.07417
11.12317
13.10222
12.34476
12.1366
12.41941
12.75607
12.59049
12.83119
11.97263
11.84294
12.12863
11.31535
12.91659
12.6256
11.3667
11.58578
12.17794
11.83986
11.67951
11.82527
11.99127
13.03624
12.28816
11.97251
12.56545
13.11547
12.83736
11.94458
12.03288
11.37252
11.62059
12.15902
12.04157
11.685
11.82291
12.52239
11.3814
12.14484
12.72906
11.47547
12.23387
11.57881
12.15575
12.45759
11.79112
11.92545
11.18573
12.50325
11.61724
12.22924
12.37968
12.28897
11.50579
12.70494
12.55253
12.69265
11.93569
12.16805
11.69242
12.28896
12.08486
13.01987
12.74629
12.20786
11.93042
11.74966
12.06026
12.55099
12.01879
12.76955
12.26878
11.56271
12.3948
12.55865
11.70428
12.31834
12.0493
12.54461
11.96104
12.38587
11.36931
12.35273
12.23183
11.87962
11.84032
11.71069
11.89125
11.85426
11.4671
12.06518
11.60149
11.77632
11.44981
12.14341
12.57312
12.66812
13.05503
11.82502
11.61432
11.93072
12.86772
12.06684
11.56495
12.1058
11.95228
12.27473
11.75169
11.97684
12.47947
12.22096
11.8613
11.96329
11.82636
12.48884
10.97335
11.7405
11.87202
12.32346
12.61837
12.22697
11.52209
11.23018
11.10924
11.3328
11.5038
11.87165
11.29906
11.75212
11.95006
12.43393
12.34572
12.76008
11.72549
12.3849
11.92509
12.17722
12.18324
11.40886
12.27788
11.64547
12.39632
12.40983
12.5425
12.64111
12.68448
12.17806
12.78028
12.12352
12.14307
11.87035
12.09168
12.32585
12.92807
11.59749
11.7354
11.63091
11.98385
12.51874
12.62123
12.69393
11.89404
12.23848
11.72642
12.40327
11.40834
11.15258
11.18491
12.14594
12.14337
10.89182
11.73418
12.19084
12.2943
12.05223
11.40014
12.28885
12.26201
13.03635
13.08046
12.87412
12.65108
13.02847
12.31206
12.58808
12.34538
11.46401
12.25253
11.99226
12.37617
13.00123
12.53593
11.78621
11.79236
12.64039
11.6383
12.27092
12.51712
12.6458
12.28287
12.85414
11.86619
11.49147
13.11001
11.56175
12.04262
12.26575
12.4043
12.34967
12.01899
12.13158
12.19468
12.07578
12.55778
11.77502
11.77213
