12.25385
12.32141
11.90584
11.36232
12.25385
11.60663
12.08031
12.94544
12.47609
11.26146
12.5587
12.26575
12.26575
11.62062
12.94544
11.98547
11.66934
11.90393
11.28397
11.39604
11.06889
11.06889
12.67506
11.41155
11.90086
11.28397
12.41796
12.185
12.74551
12.185
11.79256
11.58347
11.5376
12.14308
12.05268
11.86151
12.3822
12.64944
13.10512
12.43857
12.85339
11.90086
12.11953
11.68489
11.90086
12.04162
12.27155
12.13466
12.43857
12.2178
11.52789
11.58694
12.85339
11.92936
11.4486
12.27155
12.26575
11.16146
12.04327
11.99912
11.57215
11.58694
12.16724
12.5587
11.33157
12.2178
11.64475
12.85339
11.26146
12.74551
11.57215
11.39604
11.8334
12.77587
12.32141
12.5587
11.80119
11.41155
12.32141
11.90086
12.64944
11.78546
11.95627
12.47574
12.65668
11.48872
12.7418
11.58795
12.74551
12.47609
12.65668
11.84304
12.85339
11.91989
11.03441
12.77587
11.47296
11.36232
12.85339
12.1511
11.68489
11.66934
12.7418
11.98221
11.78546
12.08031
11.84304
13.00494
13.10512
12.3822
12.32141
11.28969
12.74551
11.5376
11.63149
12.43857
12.5587
12.08031
12.3262
12.65668
11.84304
12.43857
12.67506
12.64944
11.28397
13.10512
11.9644
11.58795
11.98221
12.04327
11.90393
10.99421
11.90393
12.7418
11.81253
12.16724
12.47574
12.3262
12.26575
11.26146
12.08031
11.28969
11.92936
11.98547
12.74551
11.98221
11.68489
10.93316
12.10706
11.90277
11.81253
12.48133
11.60663
11.9644
11.85634
11.41155
11.06889
12.0796
11.26146
12.26575
13.05348
12.04327
11.16146
11.66745
12.46685
11.99912
11.41155
12.74551
11.28515
13.06593
11.95627
13.10512
12.94544
12.26575
11.60663
11.16146
12.65668
12.62718
11.85634
12.65331
12.43857
11.57215
12.14996
11.8792
12.64944
11.52789
11.78546
12.41805
12.5587
12.48133
11.78589
12.46038
12.94544
11.68167
11.6727
12.74551
12.32551
12.2178
12.35775
12.05268
12.94544
11.84304
11.45536
12.74551
12.04327
11.16146
12.94544
12.00777
12.14308
12.61131
11.98221
12.43857
11.68489
12.62718
12.85339
11.41155
13.00494
11.77699
12.44225
11.16146
11.66934
11.78546
12.0796
12.38397
12.14308
10.93316
11.85216
11.90393
12.25385
10.9142
11.99912
11.58694
12.11953
12.16724
11.80119
12.43857
12.16328
11.84304
11.66745
12.08031
13.00494
11.77699
12.10706
10.93316
11.55535
13.10512
12.43857
11.85216
12.43354
11.73186
11.8334
11.78546
11.80481
12.62718
11.84304
11.26146
12.85339
12.94544
11.96608
11.78546
12.2478
13.10512
11.58795
11.58694
11.9644
12.26575
12.32141
11.84304
12.15482
11.78546
12.3531
11.28397
12.77587
11.78546
12.41805
12.32551
12.64944
12.11953
12.32551
12.94544
11.80119
11.90393
11.78589
12.00777
12.67506
11.61657
11.68489
12.65331
11.77699
11.41155
12.43857
11.16146
12.26575
12.08031
11.92936
11.67347
12.08031
11.9536
11.61657
12.77587
11.66745
12.64944
12.94544
11.60663
11.8334
11.39604
11.26146
11.06889
12.2178
12.43857
11.6727
11.28515
12.11953
11.77699
12.43857
12.17891
11.58795
12.16724
10.99421
12.32141
12.62718
11.5376
12.185
12.25385
12.00777
12.44225
12.14308
12.08031
11.28397
12.77587
11.6727
11.28397
13.10512
11.98221
12.77587
12.38741
12.00777
12.25385
11.9644
11.80953
12.49493
12.14308
11.52789
11.60663
12.47574
12.2081
12.16724
12.3262
12.0796
10.93316
11.03441
12.61131
11.58694
12.30803
12.3531
12.43857
12.16328
11.80953
11.9644
11.26146
11.90823
12.5587
12.26575
11.78546
12.20791
11.66745
12.25385
12.25385
12.64944
11.5376
11.41155
11.5376
12.62718
12.08031
12.7418
12.74551
12.08031
12.04327
12.08031
13.10512
11.62062
11.98221
12.35593
12.45059
12.26575
11.96608
11.85634
12.47574
11.85634
11.85634
12.41796
11.8334
12.5587
12.32551
12.47609
12.85339
11.7011
12.48133
12.22179
11.92936
12.14996
11.41155
12.49493
13.06593
12.47574
12.2478
11.9644
11.57215
11.58795
12.26575
11.68489
12.16724
12.74551
12.44225
11.06889
12.04327
12.45059
11.58694
11.36232
12.20791
11.56212
12.04162
11.99912
11.68489
12.08031
12.25385
12.48133
12.38741
12.16724
11.41155
11.98054
12.15482
12.94544
11.66745
11.90584
11.9644
12.7418
12.77587
12.14996
12.3262
12.38741
11.92936
11.34147
11.77699
11.68167
11.02956
11.58795
12.74551
11.22485
11.72294
12.14308
12.17891
12.62718
12.26575
12.94544
11.99912
11.81253
11.98221
12.2178
11.84147
11.66745
12.47574
11.5376
12.1511
12.43354
11.98221
11.16146
12.77587
12.00777
12.74551
12.11953
12.38741
12.32141
12.5587
11.67959
12.15482
12.94544
11.9644
11.90823
12.74551
12.65331
12.45059
12.16724
12.04162
11.35006
12.14308
12.85339
12.08031
12.1511
12.55534
12.04327
12.11953
13.06593
11.26146
12.08031
11.80309
11.68489
12.41805
12.22179
11.41155
11.52789
12.7418
11.62062
11.85216
11.81253
12.14308
11.80481
13.06593
11.26146
12.38741
11.28969
12.26575
12.74551
11.99912
11.48872
11.78589
11.66934
12.14308
12.3822
12.32551
11.98221
11.66934
12.85339
12.5587
13.10512
12.43857
12.64944
11.90086
12.04327
12.17891
12.10706
10.93316
12.62718
12.64944
12.48133
12.85339
12.64944
11.80309
11.5376
11.85086
13.00494
12.38741
11.73186
12.20791
12.94544
12.47609
12.25385
12.32141
12.08031
12.77587
12.41805
12.07784
12.04327
12.65668
12.04327
11.8334
12.74551
12.48133
11.90086
12.43857
11.62447
12.41796
12.43857
12.04162
12.32141
12.62718
11.84147
12.20791
12.45281
11.99912
12.32141
12.26575
11.50481
12.77587
11.46741
12.94544
12.65668
12.47574
11.52789
12.08031
12.26575
11.5376
12.1511
12.74551
11.988
12.16591
11.58795
12.08031
12.04327
11.61657
12.04162
11.6727
11.98221
11.28515
11.80119
11.26146
11.57215
12.3531
12.3531
11.26146
11.90584
13.06593
12.14308
13.10512
12.61088
11.90393
12.38741
11.26146
11.6727
12.65331
12.3531
12.38741
11.90086
11.98221
12.48133
11.68167
12.64944
12.14308
11.98547
12.61131
12.65331
11.80119
12.43857
12.16724
12.39361
12.64944
12.65331
13.06593
11.26146
12.44225
12.61131
12.77587
12.26575
12.44225
11.16146
11.16146
11.98221
11.16146
11.66745
11.61657
12.48133
12.32141
12.38741
13.10512
11.28397
11.90086
11.36232
12.47574
13.05348
11.58795
12.43857
12.26575
11.48872
12.65668
11.90393
12.3262
11.36232
12.32141
12.3262
12.5587
12.38741
12.77587
12.77587
11.36232
11.90086
11.9644
12.3262
12.3822
12.15482
12.62718
12.15482
12.38741
12.00777
12.25385
11.90393
13.06593
11.68489
12.77587
12.65668
12.85339
11.03441
12.85339
11.45536
12.48133
11.84304
12.08031
12.35593
11.58347
11.26146
12.00777
11.84304
13.06593
13.10512
12.32141
12.48133
11.98221
11.16146
10.93316
12.55621
11.66745
11.26146
11.85216
12.32141
12.43857
10.93316
12.57971
12.3262
11.98221
11.98221
12.08031
11.85634
11.57215
11.77699
12.04327
12.64944
12.47574
12.77587
11.84304
11.73186
12.43857
12.94544
11.58795
12.14308
12.41805
10.93316
11.45536
11.26146
12.94544
12.08031
12.62718
11.66745
12.2178
11.80953
12.11953
11.46699
12.43857
12.43857
11.28397
11.41155
11.6727
12.43857
12.43857
10.93316
11.78546
13.06593
12.62718
12.04327
12.62718
12.85339
11.68489
11.90393
12.43857
12.77587
12.41796
12.77587
12.85339
11.62062
12.11953
12.08031
12.64944
12.64944
11.45536
12.04162
11.91989
11.66745
12.2178
12.67506
11.66934
11.79256
11.988
11.48872
12.65331
12.41805
12.48133
11.6727
11.36679
12.43857
11.52789
12.16591
11.26146
11.26146
12.08031
12.47609
11.80481
12.43857
12.04327
12.00777
12.2178
10.93316
12.43857
11.99912
12.185
11.26146
11.85216
12.14308
11.28969
12.64944
11.26146
12.62718
12.185
11.85216
12.7418
12.74551
11.92936
13.10512
11.34147
12.18672
12.1511
13.10512
12.47574
12.48133
11.66934
12.94544
12.35593
11.7011
11.61657
11.39604
12.32551
12.04162
12.3822
12.94544
12.74551
11.28397
12.65668
11.90086
12.14308
12.14308
12.3531
12.32551
11.84304
11.96608
12.08031
13.06593
11.28397
12.04327
11.96608
11.61657
11.91989
11.34147
11.28397
11.61657
12.44225
12.65668
11.62447
12.62718
12.00777
11.62062
12.41805
11.36232
11.52789
12.44225
11.41155
11.90823
11.58694
11.34147
11.58795
11.67347
12.15482
12.14308
11.98221
11.84304
12.65331
11.56212
12.16328
11.46741
12.85339
12.77587
12.04162
12.5587
11.90584
13.10512
12.67506
12.26575
12.08031
11.5376
11.26146
11.84304
13.10512
11.41155
12.32141
11.41155
12.64944
11.99912
12.43857
12.1511
11.73186
11.39604
12.74551
11.90393
11.84147
11.90086
12.35593
12.25385
11.16146
11.36232
11.84147
12.04327
12.44225
12.41805
12.7418
13.05348
11.77699
13.10512
11.29129
13.00494
12.26575
12.16328
12.10706
12.41796
12.77587
11.34147
11.96608
12.43857
11.35006
12.49493
11.28397
11.98221
12.44225
12.05268
10.93316
11.96608
12.14996
11.90393
11.9927
12.77587
11.48872
11.84304
11.16146
11.90823
12.62718
12.62718
12.46038
12.26575
12.74551
11.84304
12.08031
12.00777
12.43857
11.85216
12.32141
11.98221
11.84304
11.16146
12.25385
12.74551
11.39604
11.90086
12.32141
11.26146
11.34147
12.04327
11.80119
11.34147
11.80119
12.15482
13.06593
11.06889
11.56212
11.6727
12.14308
10.9142
11.84304
11.96608
12.14171
12.77587
12.3262
12.26575
11.26146
13.00494
11.41155
12.43857
12.32141
11.91989
12.43857
12.41805
11.52789
11.06889
11.9536
12.08031
11.95627
11.98547
12.64944
12.94544
11.36232
12.2478
11.26146
12.65668
12.3531
12.48133
12.27155
12.41796
11.56212
12.08031
12.35775
11.58795
12.77587
12.26575
12.3262
11.48872
11.73186
12.25385
12.65668
12.65668
13.06593
11.98221
10.99421
12.74551
11.99912
11.95627
12.65331
11.16146
11.68489
12.94544
10.9142
11.28397
12.77587
12.62718
12.32141
11.80119
12.44225
12.15482
12.39361
10.93316
11.62062
12.85339
12.85339
12.25385
12.4575
12.08031
12.48133
11.02956
12.16328
11.01148
11.80119
12.47574
12.10706
11.66934
11.66745
12.77587
12.65668
12.25385
11.56212
12.11953
11.03441
12.14996
12.46685
11.90086
11.98221
11.34147
12.25385
12.38397
11.16146
11.34147
11.58694
11.41155
12.65331
12.05268
11.41155
12.00777
11.98221
11.98221
12.185
10.9142
12.17891
12.85339
12.65668
11.28969
11.61657
11.81253
11.66745
12.04162
12.32141
12.2478
12.5587
11.84304
11.34147
12.04327
11.39604
12.38741
11.36232
11.68489
12.3262
12.35775
11.41155
12.00777
12.32551
11.78546
11.96608
12.48133
12.08031
12.15482
12.32551
12.62718
12.46685
12.85339
11.58694
11.16146
12.185
11.67347
11.48872
12.62718
11.9644
12.07784
11.90393
12.25385
11.35006
11.98547
12.35593
11.36232
11.98221
12.74551
11.91989
12.10706
10.93316
11.66934
11.9644
11.60663
11.16146
11.66934
11.41155
12.3822
12.05268
11.35006
11.99912
11.52789
11.90086
12.41796
12.41099
11.98547
11.99912
11.32517
12.16724
12.64944
12.48133
12.74551
11.90086
12.41805
12.25385
11.35006
12.14308
12.49493
11.41155
12.47574
11.66745
11.988
11.91989
11.80119
12.41805
12.2081
12.74551
12.11953
11.57215
12.94544
12.43857
12.1511
12.35593
11.98221
11.90086
12.41805
11.98221
11.98221
11.06889
11.61657
12.16724
11.96608
12.05268
12.2178
12.47574
12.04327
12.44225
12.08031
12.64944
11.58795
11.12601
12.48133
12.7418
12.00777
11.96608
12.04327
12.38741
11.28397
11.46741
13.00494
12.20791
12.74551
12.74551
11.80119
12.41805
12.74551
11.26146
12.16724
11.98221
12.77587
12.35593
12.32551
11.03441
12.26575
11.45536
12.16724
12.16724
12.74551
12.35775
12.14308
12.22179
11.52789
11.02956
11.02956
12.08031
11.56212
12.38397
13.00494
13.10512
11.84147
12.32551
11.58795
12.10706
12.65331
10.9142
11.98221
12.35593
11.96608
11.41155
12.20791
12.25385
11.99912
12.26575
13.10512
11.98221
11.03441
11.84304
12.26575
12.17891
12.41796
13.00494
12.04327
12.74551
12.65331
11.26146
11.98221
11.28969
12.45059
11.99912
12.45059
11.61657
12.43857
12.14308
11.78546
12.4575
11.98221
12.48133
12.65331
11.98221
11.9927
12.46038
11.58694
10.93316
11.56212
12.32141
12.26575
12.85339
12.00777
12.5587
12.04327
12.65331
12.16724
11.6727
12.2081
12.64944
11.66745
12.74551
11.98221
11.84304
13.00494
12.48133
13.10512
11.90086
12.32551
12.65331
12.43857
12.04327
11.84147
11.77699
11.98547
11.77699
12.44225
12.08031
11.39604
11.26146
12.67506
13.06593
11.99912
12.62718
11.05579
10.93316
12.43857
12.65331
12.47574
11.98054
11.57215
11.78546
13.00494
11.34147
10.93316
12.65331
11.95627
11.56212
12.85339
12.64944
12.77587
11.90823
11.96608
11.52789
12.85339
11.26146
12.48133
12.49493
13.10512
12.46685
12.64944
11.99912
12.65331
12.7418
12.64944
12.47574
12.08031
11.90823
11.68167
13.00494
12.26575
12.04327
11.99912
11.90823
12.3262
12.94544
11.28397
11.84304
11.96608
11.98221
12.32551
12.14996
12.48133
11.80119
12.25385
12.1511
12.62718
12.46685
12.39361
11.90086
11.36232
12.41805
12.43857
11.98221
12.85339
11.98427
11.98221
11.16146
12.32141
12.64944
12.35775
12.48133
12.64944
12.16724
11.80119
12.15482
11.56212
12.64944
11.29129
11.64934
12.38741
12.43857
11.58795
12.04162
11.26146
12.3822
12.3822
12.38741
11.98547
11.81253
11.91989
11.99912
11.95627
11.39604
12.22179
11.16146
12.16591
12.32141
11.06889
12.77587
12.08031
11.77699
11.03441
11.66745
11.36232
11.84304
12.14996
10.93316
12.27155
11.28397
12.11953
11.9644
12.94544
11.58795
11.99912
12.16724
12.0796
11.41155
11.26146
12.16328
12.47574
12.46685
12.11953
12.38741
12.85339
12.00777
12.32141
11.03441
12.48133
11.36232
12.41796
11.60663
12.38397
11.02956
12.05268
13.06593
12.74551
11.77699
13.10512
12.62718
11.41155
11.62447
12.07784
12.32141
12.85339
12.25385
11.41155
12.04327
11.28397
12.32551
11.61657
12.62718
11.68489
11.84304
13.10512
12.62718
11.84304
11.84304
12.3262
12.38741
11.28397
12.0796
12.26575
11.80481
11.80119
12.43857
12.44225
12.32551
13.06593
11.68489
12.48133
11.9536
11.32517
12.15482
10.93316
12.14996
12.62718
12.04162
12.47574
12.5587
12.74551
11.45536
11.90086
12.185
12.49493
11.91989
12.47574
11.98221
12.04327
11.5376
11.77699
12.26575
13.10512
11.68489
11.68489
12.32141
11.52789
12.74551
12.32141
12.47609
12.5587
12.08031
11.48872
11.55535
11.6727
11.98221
12.25385
11.80119
12.62718
12.2178
12.43857
11.91989
12.32551
12.32141
12.05268
11.28969
12.04327
12.74551
11.63149
11.9644
11.52789
12.00342
12.00777
11.96608
11.99912
12.94544
11.90086
11.92936
11.36232
12.47609
12.14996
11.16146
12.48133
11.9644
12.32141
12.65668
11.05579
13.00494
11.99912
12.43857
11.9644
11.28397
13.06593
13.00494
10.93316
10.93316
12.11953
12.00777
13.10512
12.85339
11.41155
11.91989
12.62718
12.32551
13.10512
12.05268
12.14308
12.3531
12.61088
12.3822
12.85339
10.93316
11.28515
12.35775
12.25385
12.77587
12.3822
11.84304
13.06593
13.00494
11.52789
12.35775
12.11953
12.85339
12.16724
12.13466
12.41805
11.26146
12.3531
11.63149
11.16146
12.65668
12.20791
11.90823
11.34147
12.74551
11.84304
12.65331
12.3531
13.10512
12.34232
12.04327
12.2178
11.98221
12.47574
12.48133
12.08031
13.06593
12.65331
12.2081
11.52789
12.94544
11.60663
11.58694
12.00777
12.2178
12.25385
11.8334
12.62718
11.28397
11.92936
11.5376
11.90393
12.35775
12.94544
10.93316
11.90823
12.34232
12.26575
12.00777
11.68489
12.74551
11.96608
11.41155
13.05348
12.26575
12.67506
11.77699
11.35006
11.86151
12.08031
12.32141
12.85339
11.9644
11.90277
13.06593
12.38741
12.35775
11.58795
13.06593
12.65331
12.94544
11.988
12.17891
11.28969
12.04327
12.62062
11.90086
11.36232
12.00777
12.77587
12.38397
11.58795
12.74551
12.04162
11.28397
12.27155
12.04162
10.93316
11.99912
12.74551
11.36679
11.28397
12.45059
12.32551
12.26575
12.04327
11.41155
11.85634
11.85634
12.185
12.48133
12.77587
11.85634
12.74551
12.26575
12.43857
12.04327
11.58694
11.96608
12.43857
13.10512
12.74551
12.13466
12.47574
12.32141
12.49493
12.77587
11.98221
12.38397
12.07784
12.62718
11.26146
11.85634
12.62718
11.39604
11.80953
11.58694
12.74551
12.94544
11.90086
12.74551
11.26146
12.48133
12.1511
12.35775
11.52789
11.84304
12.14308
11.68489
12.38741
12.13466
13.10512
12.16724
12.41796
12.43857
11.99912
12.77587
12.2178
11.5376
12.16328
11.90393
12.2178
11.98427
12.41805
12.65668
11.01148
12.32141
12.25385
12.38741
12.3531
12.74551
12.17891
12.65668
11.28969
12.22179
12.65668
11.52789
12.62718
11.68489
12.0796
12.43857
13.00494
11.99912
11.95627
11.58694
11.60663
12.20791
12.62718
12.13466
12.43857
12.77587
11.84304
12.04327
11.98221
11.66745
11.85216
12.46685
13.06593
11.48872
11.05579
12.185
11.41155
12.77587
12.94544
12.22179
12.43857
12.85339
12.32141
13.10512
12.41805
12.17891
12.85339
11.52789
11.78546
11.84304
11.28397
11.28397
12.32141
12.94544
12.25385
11.06889
12.77587
11.41155
11.80119
12.2178
12.41805
11.62062
12.77587
12.27155
12.32141
11.85216
13.05348
12.82344
13.06593
12.43857
10.93316
11.9644
12.47609
12.64944
12.185
11.58795
11.12601
13.00494
12.62718
11.34147
12.85339
12.04327
12.67506
11.26146
11.80119
12.2478
12.10706
12.08031
11.98221
11.98547
12.65331
11.98221
12.185
12.35775
12.74551
11.80481
11.80309
12.16724
10.93316
12.2478
12.04327
11.85216
11.90086
12.65668
12.62718
11.85216
12.44225
11.9536
12.48133
12.81999
11.78546
13.00494
11.68489
12.14996
12.30803
11.41155
12.47609
11.29129
12.46038
12.20791
11.52789
11.36232
12.05268
12.48133
12.32141
11.78546
11.85634
11.03441
12.14996
11.45536
12.14308
12.74551
12.1511
11.28397
13.10512
12.43857
12.3262
11.16146
11.85086
12.65668
11.5376
11.62062
12.43857
12.64944
12.48133
11.65788
12.26575
11.78546
11.02956
11.9644
11.66745
12.47609
11.36232
12.20791
12.41796
12.62718
12.43857
11.41155
11.03441
12.5587
11.91989
11.61657
11.01148
12.3262
12.44225
11.41155
11.16146
12.85339
12.32141
12.32551
11.90086
11.78546
12.67506
12.17891
12.74551
12.62718
12.16724
11.58795
12.08031
11.58694
12.26575
12.0796
12.16724
12.25385
11.85086
12.77587
11.98221
11.90584
12.3531
12.4575
11.99912
12.26575
12.25385
11.95627
11.8334
11.28397
12.64944
12.85339
12.04162
12.26575
13.10512
12.14308
12.65331
11.84304
11.84304
11.98221
12.77587
11.66934
12.77587
12.43857
12.65668
11.68489
12.32551
12.94544
12.62718
12.5587
11.58694
12.14996
12.16328
12.74551
12.74551
11.85216
12.48133
12.32551
11.57215
11.26146
12.20791
12.43857
12.48133
12.77587
11.77699
11.62447
12.00777
12.85339
12.04162
12.74551
11.50481
11.34147
12.47574
12.16724
11.39604
11.26146
12.08031
11.85216
12.20791
13.10512
11.84304
12.27155
12.04162
12.27155
12.185
12.85339
12.05268
11.84304
12.74551
12.77587
12.62718
12.65331
12.3531
12.14308
11.80409
11.78546
11.60663
12.26575
12.0796
12.08031
12.43857
12.32141
11.50481
11.68489
12.94544
11.41155
11.98221
12.1511
11.95627
11.90086
11.4486
12.26575
12.30803
12.32141
12.47609
12.65331
11.61657
11.41155
12.11953
12.08031
11.68489
12.04327
11.41155
11.95627
12.04327
12.85339
12.32141
11.9927
12.10706
11.62062
12.14308
12.94544
11.58795
11.28397
12.64944
11.26146
12.2178
11.84304
12.00777
12.2178
12.16328
10.9142
12.20791
11.66745
11.73186
12.77587
11.16146
12.2478
12.25385
12.20791
11.84304
11.28397
11.45536
13.10512
11.45536
11.84304
12.62718
11.66934
11.85216
12.26575
12.17891
11.33157
11.98221
12.04327
12.35775
11.16146
11.26146
11.28397
12.32551
11.16146
11.26146
12.43857
11.41155
12.25385
11.80119
11.72294
12.38741
13.06593
11.5376
11.90393
11.84304
12.64944
11.90584
11.02956
12.48133
11.58795
12.32141
12.47574
13.10512
12.3262
12.32551
12.185
11.56212
12.43857
12.04162
11.78546
12.43857
11.91989
11.86151
11.39604
12.77587
12.04162
12.39361
12.00777
11.9644
11.98547
11.9536
12.74551
12.41805
11.91989
11.58694
11.8334
11.52789
12.43857
12.43857
12.77587
12.47574
11.58795
11.98547
12.1511
12.11953
12.64944
12.47574
11.98221
12.65331
11.61657
12.04327
12.13466
12.3262
12.25385
12.48133
12.35775
12.85339
12.32551
11.8792
11.62447
12.0796
10.93316
12.85339
11.98054
12.05268
11.84304
12.43857
12.2178
11.90823
12.2178
12.25385
12.25385
11.84147
12.32551
12.62718
11.6727
11.16146
12.20791
11.26146
11.58795
12.32141
12.32141
12.34232
12.2178
13.10512
12.77587
12.43857
11.50985
12.35775
12.26575
11.98054
12.43857
11.90823
12.04327
12.61088
11.58795
12.14308
12.65331
12.48133
11.99912
12.35775
11.74336
12.94544
12.74551
12.67506
12.3531
12.74551
11.6727
12.05268
11.6727
11.90393
12.94544
12.16724
10.84912
12.48133
12.16724
11.28397
12.08031
12.04327
12.43857
12.62718
13.06593
11.67959
12.77587
12.08031
11.57215
12.48133
11.90393
12.7418
12.00777
11.06889
11.66745
12.44225
11.26146
12.74551
10.93316
13.06593
11.90584
12.64944
12.25385
12.48133
11.90393
13.10512
12.65331
11.58795
12.25385
11.58694
11.80481
12.2178
11.90823
11.28397
10.9142
12.13466
12.18086
11.58795
12.32141
11.64475
11.46699
12.10706
11.84304
12.62718
11.28397
12.25385
10.9142
12.62718
10.93316
12.16328
11.39604
12.26575
12.04327
12.00777
11.99912
12.41805
11.58694
12.43857
12.77587
12.15482
12.48133
12.08031
11.98221
12.41805
11.9644
12.94544
12.26575
11.26146
12.38741
10.93316
11.39604
11.68489
12.3262
11.67959
12.32141
12.85339
11.45536
12.30803
12.74551
11.84304
11.58795
11.5376
12.3262
12.44225
12.16591
12.32141
11.90823
12.77587
12.32141
11.66934
12.26952
11.7011
11.41155
11.28969
12.20791
13.10512
11.28397
12.5587
12.1511
12.27155
11.57215
11.46699
12.20791
12.08031
11.36679
12.17891
11.50985
12.25385
11.91989
11.66934
12.17891
12.77587
12.25385
12.43857
11.28969
12.48133
12.38397
11.77699
12.05268
12.1511
11.95627
11.85634
12.3262
11.52789
12.74551
12.47574
11.98547
11.26146
11.39604
12.00777
12.77587
11.4486
11.62447
11.41155
12.20791
12.65331
12.3262
10.93316
12.41805
11.41155
12.05268
11.28969
11.98221
12.67506
12.14308
12.35775
12.11953
12.26575
12.2081
12.26575
12.44225
12.43857
12.32141
11.61657
12.2081
12.77587
11.84304
11.84304
11.77699
11.28397
11.8334
12.41805
11.50669
12.74551
12.94544
12.43857
12.62718
11.85216
12.30803
12.05268
11.62447
10.99421
12.74551
12.25385
12.3822
12.77587
11.81253
11.67959
11.85216
11.81253
12.25385
12.26575
13.10512
12.44225
11.55535
12.65331
11.58694
11.63149
11.67347
12.27155
12.185
12.64944
12.64944
12.65668
11.99912
11.84304
11.98221
13.10512
12.16328
12.08031
12.16724
11.60663
12.1511
12.74551
11.01148
11.98547
12.48133
12.26575
12.77587
11.92936
12.16724
11.80119
11.57215
11.85634
10.93316
11.60663
12.45281
12.14308
12.94544
13.10512
11.9536
12.11953
12.64944
11.16146
13.06593
12.10706
11.78546
11.90823
12.48133
11.5376
11.68489
11.5376
11.16146
12.45059
11.41155
11.85634
11.85216
12.3531
12.77587
12.3531
11.01148
12.62718
11.98221
11.90086
12.41805
11.26146
11.26146
11.85634
12.32141
12.185
11.47296
11.4486
11.28969
12.13466
12.38741
11.85086
12.41796
11.58795
12.04162
12.41796
11.26146
12.64944
12.32141
11.52789
12.32141
11.58795
11.98221
12.32141
11.36679
12.43857
11.99912
12.43857
13.06593
12.39361
11.98221
12.04162
12.44225
11.41155
11.55224
12.26575
12.85339
12.5587
12.0796
11.9644
12.1511
13.10512
11.16146
11.5376
12.61088
12.32551
10.93316
11.33157
11.99912
11.35006
12.41805
12.35775
12.48133
12.85339
11.85216
12.62718
11.28969
12.32551
12.47574
11.56212
11.28397
12.85339
11.58795
12.64944
11.56212
11.98547
12.16724
11.41155
12.3822
12.05268
11.58795
11.90086
11.96608
12.04327
12.46685
12.35593
11.34147
12.46685
12.25385
12.25385
12.77587
11.80309
11.48872
12.14308
11.48872
12.32141
11.58795
12.27155
12.3822
11.28397
12.04327
11.86151
12.47574
11.41155
12.25385
12.48133
11.66934
12.64944
12.45059
12.46685
11.99912
11.66934
11.34147
12.64944
12.26575
11.58694
11.58694
11.58795
12.35775
11.03441
12.41805
11.16146
12.77587
11.62062
11.77699
12.62718
11.57215
11.84304
11.03441
11.61657
12.16591
11.98221
11.99912
11.91989
12.25385
11.28397
11.68489
12.08031
11.78546
11.03441
11.58795
11.06889
11.84304
12.25385
11.60663
11.26146
11.99912
13.10512
12.25385
12.08031
12.17891
11.36232
12.32551
11.66934
11.26146
11.90086
13.06593
11.58347
12.10706
11.80119
12.47574
10.93316
11.60663
11.66745
11.66934
12.48133
11.81253
12.20791
11.41155
11.34147
12.25385
12.43857
12.77587
12.65668
11.28397
11.45536
12.3262
11.29129
12.32141
11.28397
12.26952
12.38741
11.62062
12.26575
12.00777
11.90086
11.45536
11.9644
13.10512
11.41155
11.26146
12.00777
11.84304
12.77587
11.98221
12.00777
12.46685
12.04327
12.32141
11.84304
12.74551
12.85339
12.41805
12.25385
12.32141
11.90393
12.14308
12.43857
12.08031
12.30803
11.68489
11.66745
12.38397
11.39604
12.00777
11.45536
11.28515
12.26575
12.38741
11.9927
11.99912
11.98221
11.66745
11.66745
12.14308
12.05268
11.99912
12.43857
11.60663
12.38741
12.62718
11.6727
13.10512
11.96608
12.34232
11.16146
11.90584
11.56212
12.77587
12.38741
12.74551
12.43857
12.65668
11.98221
12.00342
12.2478
11.58694
12.3531
11.16146
12.27155
11.80409
12.14308
11.5376
11.5376
12.26575
12.04327
12.39361
12.26575
12.08031
13.06593
11.98547
11.95627
12.30803
12.43857
12.185
12.48133
12.2081
11.50985
11.90086
11.39604
10.9142
11.66934
12.2081
11.99912
12.08031
11.90823
11.16146
12.48133
11.29129
12.32551
12.1511
12.11953
11.58694
12.10706
12.48133
12.41796
12.55621
12.3822
11.16146
12.27155
12.48133
11.8792
13.10512
12.48133
11.41155
11.9644
11.91989
11.35006
11.58694
12.08031
11.03441
12.30803
12.27155
11.6727
11.41155
11.84304
11.41155
12.32551
12.38741
12.05268
11.58694
12.2178
11.58795
12.77587
11.02956
11.06889
12.1511
12.14308
12.77587
11.62447
12.25385
11.03441
12.74551
12.94544
12.14308
12.43857
10.93316
11.68489
12.14996
12.3262
12.65331
11.29129
11.91989
13.00494
11.28397
11.65788
13.10512
11.06889
12.64944
12.44225
12.64944
12.26575
12.3531
12.85339
12.32141
11.41155
11.99912
12.14308
12.3531
12.08031
12.74551
11.98221
11.67347
12.04327
12.32141
11.67959
12.26575
12.16724
11.98221
12.43857
11.84147
12.07784
12.34844
11.90086
11.5376
12.07784
12.08031
12.47574
12.47609
12.3531
12.64944
11.02956
11.80119
13.06593
12.16724
12.08031
11.80119
12.94544
11.84147
12.04162
12.08031
11.41155
11.78546
11.98547
12.08031
12.62718
11.41155
12.32141
12.43354
11.06889
11.9644
12.04327
11.67959
12.64944
12.25385
13.10512
11.48872
12.30803
12.47609
12.16724
12.74551
11.26146
11.41155
12.26575
12.26575
12.67506
12.26952
12.94544
12.74551
11.16146
12.64944
11.77699
11.58694
12.64944
11.65788
12.77587
12.34232
12.41805
11.98427
11.29129
13.10512
12.17891
11.61657
11.58347
11.6727
11.90277
11.98221
12.32141
12.57971
11.90584
11.66745
13.10512
11.62447
11.41155
11.78546
12.44225
12.11953
11.39604
12.74551
11.78546
12.08031
11.9644
12.77587
12.35593
11.90086
11.39604
12.15482
11.41155
11.26146
12.41805
11.01148
12.74551
12.32141
11.50669
11.90584
11.48872
12.77587
11.98221
12.22179
11.98221
11.8334
12.64944
12.77587
12.77587
12.15482
12.08031
12.16724
12.26575
12.14308
12.43857
12.43857
12.38741
12.47574
11.03441
12.25385
11.03441
11.92936
12.74551
11.98221
12.47609
12.25385
13.06593
11.66934
12.08031
11.50985
11.56212
12.05268
11.91989
12.43857
12.83294
11.90277
12.65668
11.28969
12.32551
12.04327
11.68167
11.61657
12.62718
12.47574
11.34147
12.22179
11.06889
12.04327
12.26575
12.00777
12.22179
12.2178
12.77587
11.06889
12.11953
12.62718
11.52789
13.06593
12.1511
12.14996
12.04162
11.41155
11.98221
12.14308
12.47574
12.65331
11.84304
10.93316
11.62062
11.90277
12.43857
12.04327
13.10512
12.04162
12.08031
11.84304
12.48133
12.77587
11.57215
12.77587
11.28515
13.00494
12.74551
12.08031
11.66934
11.84304
12.43857
13.10512
11.26146
12.65331
12.17891
12.04327
12.32551
11.36232
11.62062
12.74551
11.78546
12.3262
11.61657
11.58347
12.14308
11.58795
12.00777
11.57215
12.25385
11.84304
12.185
11.5376
11.66934
11.98427
12.65331
12.43857
12.62718
12.08031
11.73186
12.08031
12.43857
11.68489
13.10512
11.52789
11.60663
12.85339
11.52789
11.39604
12.77587
11.58795
12.62062
11.98547
11.98221
11.41155
12.48133
11.62062
10.99421
12.64944
12.04327
12.14308
12.14996
11.98054
11.29129
12.08031
11.60663
12.185
11.80481
11.84147
12.04327
12.74551
12.77587
11.98221
11.68489
12.43857
11.39604
12.43857
11.90086
12.16328
10.93316
12.32141
12.11953
11.66934
13.10512
11.52789
11.52789
11.02956
11.46699
12.77587
12.47609
12.65331
11.45536
12.10706
12.44225
12.3262
11.7011
12.64944
11.12601
11.84304
12.43857
12.2178
11.29129
12.43857
12.16591
11.9644
12.48133
11.28515
12.25385
11.95627
12.3531
11.34147
11.66745
11.45536
13.10512
12.65331
11.58795
12.45059
11.16146
11.06889
11.06889
11.98221
11.80953
11.91989
12.04327
11.06889
11.84147
12.2178
12.08031
11.90086
12.43857
12.65331
11.52789
12.44225
11.90393
11.90086
12.1511
11.28397
11.50481
11.52789
12.44225
11.28397
11.26146
11.46741
12.32551
12.07784
11.28969
11.80119
11.85216
12.3822
11.80119
11.4486
12.3822
12.00342
11.96608
11.80953
11.36232
12.64944
12.48133
12.61088
12.85339
12.32141
11.9536
12.14996
11.78546
12.17891
12.94544
11.80119
11.29129
13.10512
12.32551
11.9644
11.46741
12.43857
12.3262
12.43857
10.93316
12.47574
12.38741
11.16146
11.91989
12.65668
11.90393
12.2178
12.3822
12.64944
12.32141
12.48133
11.90584
11.96608
11.95627
12.08031
12.16724
12.64944
11.84304
12.11953
11.61657
11.58795
12.14308
12.16724
12.04327
11.80119
11.46741
12.34844
12.64944
11.28397
12.3822
11.16146
12.3822
11.05579
12.04327
12.94544
11.90086
12.43857
11.98221
13.10512
12.16328
11.68167
12.25385
11.80481
11.60663
12.14308
12.26575
11.98221
11.94299
12.32141
12.47574
12.25385
12.65331
12.14996
11.12601
12.14996
11.84147
11.5376
12.48133
12.14308
11.26146
12.08031
11.98221
12.14171
12.39361
11.26146
12.3262
12.41099
12.94544
11.46741
12.64944
12.77587
11.06889
12.77587
12.32551
12.26575
11.84147
11.01148
12.64944
12.08031
12.27155
11.66745
13.10512
12.77587
11.9644
12.32141
13.10512
12.85339
12.65668
11.84304
12.04162
11.98221
12.43857
12.13466
11.34147
11.34147
12.04162
12.32141
11.52789
11.26146
11.58795
13.00494
11.99912
12.11953
11.50985
11.16146
12.30803
11.28515
12.62718
12.74551
11.26146
12.08031
12.44225
11.36232
11.84304
12.32141
11.60663
12.04327
12.04162
11.58795
12.08031
12.74551
12.35593
11.99912
12.35593
12.41796
11.7011
12.62062
11.91989
12.3822
10.93316
11.60663
12.47609
11.28969
12.08031
11.84147
12.32551
12.08031
12.04327
11.96608
12.26575
11.90823
12.32141
12.65331
12.16724
11.36232
11.66745
11.62447
12.77587
12.47574
12.39361
12.62718
11.8792
11.34147
11.34147
12.32551
12.85339
11.5376
11.66745
12.16724
10.9142
12.0796
11.85086
11.80119
11.90086
12.65331
11.6727
12.41796
12.7418
12.04162
12.62718
11.26146
13.00494
12.64944
11.16146
11.84304
12.08031
12.47609
11.28969
11.5376
12.77587
11.29129
11.52789
12.25385
11.41155
11.26146
11.57215
12.62718
11.41155
12.65668
12.43857
12.48133
12.65331
12.14996
12.14996
12.64944
12.05268
11.34147
12.00342
12.11953
12.04162
12.00777
11.80481
12.14308
11.84304
12.32551
11.41155
12.04327
12.46038
11.85216
11.28397
12.62718
12.64944
11.26146
11.60663
11.98221
12.32141
12.26575
12.14308
12.08031
11.06889
12.62718
11.96608
11.52789
12.38741
12.2478
12.77587
12.10706
11.06889
12.65331
12.14308
12.17891
12.48133
11.58795
12.2178
11.28397
11.90086
11.78589
12.3822
12.2178
13.10512
12.05268
12.47609
11.26146
11.58694
12.14996
12.74551
12.26952
12.64944
12.62718
12.1511
11.6727
12.64944
11.4486
11.96608
12.38397
11.98427
13.10512
12.16591
11.16146
13.00494
12.47609
12.22179
12.46038
13.05348
11.41155
10.9142
10.93316
12.14308
11.45536
11.28969
11.02956
12.2178
12.46685
12.65668
11.56212
12.25385
11.98221
11.85216
11.8334
11.81253
12.41796
12.65331
11.98221
12.25385
11.6727
12.47574
12.16724
12.32551
12.43857
11.28969
11.68489
11.98221
12.65668
12.94544
11.90823
11.28969
12.08031
11.60663
12.14308
12.46038
12.62718
12.04327
11.28397
12.17891
11.67347
11.50481
12.04162
11.98547
12.26575
11.58694
11.6727
12.43857
11.03441
12.38741
12.3822
12.04327
11.28515
12.38741
11.48872
12.94544
11.28969
11.50985
12.43857
11.92936
11.39604
12.48133
12.41805
11.62062
11.9644
12.3531
11.77699
11.60663
12.08031
12.25385
11.26146
11.80953
12.32551
12.41796
12.77587
11.68489
12.77587
11.02956
11.98221
11.79256
11.80481
12.26575
11.33157
12.25385
12.62718
11.98221
11.68489
12.26575
12.2178
12.64944
12.94544
11.80953
11.45536
12.38741
12.64944
11.99912
12.64944
12.44225
12.65668
12.11953
11.67959
12.10706
11.66745
12.18672
12.32551
12.32551
12.08031
11.98221
11.36232
12.07784
12.04327
11.988
11.34147
11.98221
12.30803
11.84304
11.61657
12.00342
11.98221
13.10512
11.28515
11.63149
11.28515
12.16591
13.00494
11.60663
12.64944
12.14308
11.98221
12.35775
12.10706
12.32551
12.62718
12.32551
11.90086
10.9142
12.35593
12.32551
12.48133
12.74551
11.45536
12.32141
11.90393
12.5587
12.08031
11.84304
12.4575
11.80119
12.16724
12.74551
12.16724
12.27155
11.26146
11.26146
12.48133
12.20791
13.00494
12.04162
12.32551
12.3262
11.03441
11.61657
12.85339
12.77587
12.65331
11.06889
11.98221
11.06889
11.28397
11.9644
12.41805
12.48133
11.98054
12.74551
12.11953
12.14308
12.44225
11.58694
12.77587
11.78546
12.3531
11.28397
11.41155
11.84304
11.85634
12.85339
11.4486
12.65668
11.96608
12.47609
12.35775
11.92936
11.58694
12.3262
12.04327
12.13466
11.98221
11.29129
12.05268
11.50985
12.43857
11.80309
12.08031
12.00342
11.28515
10.84912
11.90584
12.25385
11.28397
12.05268
10.99421
12.25385
10.93316
11.68489
11.41155
12.2178
11.91989
11.56212
12.08031
11.67347
11.78546
12.77587
12.34232
11.80309
12.64944
10.93316
11.50481
11.48872
11.90086
12.30803
11.84304
11.32517
13.10512
11.81253
11.41155
11.84304
12.48133
12.00777
11.47296
11.85216
11.41155
12.74551
12.16724
11.80119
12.43857
11.58694
12.08031
12.16724
12.14996
12.32551
12.1511
12.64944
13.10512
12.20791
12.13466
12.77587
12.17891
12.77587
11.80481
11.84147
12.00777
12.3822
11.85216
12.74551
11.35006
12.48133
11.16146
11.58694
12.08031
12.2081
11.52789
12.10706
12.77587
11.39604
12.41805
11.58795
11.29129
11.9927
12.00777
11.39604
11.26146
11.50985
12.38741
11.90584
12.05268
11.03441
12.32551
12.00777
13.10512
12.3822
12.77587
12.43857
12.62718
12.41796
12.74551
12.07784
12.25385
12.17891
11.84304
12.61131
11.90086
11.68167
12.74551
12.48133
11.58694
12.3262
12.94544
12.20791
12.26575
12.48133
13.10512
11.66745
12.10706
11.99912
12.64944
11.68489
12.3822
12.77587
11.34147
13.10512
11.16146
11.12601
12.74551
11.73186
12.10706
12.26575
12.65668
12.48133
12.3822
12.43857
12.74551
12.77587
12.35593
12.74551
12.5587
12.26575
11.4486
11.99912
12.3531
12.74551
11.86151
12.14308
11.45536
12.43857
11.90584
11.66934
10.93316
12.32141
12.32141
12.43857
12.08031
11.61657
12.2178
11.28397
12.25385
12.64944
12.38741
11.68167
11.28397
11.68489
12.64944
11.96608
11.95627
12.26575
11.36232
12.2178
12.85339
13.06593
11.28969
11.78546
11.81253
12.35775
12.32141
12.62718
11.5376
12.14308
13.10512
12.11953
12.47574
11.26146
12.1511
12.77587
11.7011
13.06593
11.80953
12.77587
12.08031
11.28397
13.10512
11.8792
11.41155
12.32141
11.72294
12.77587
12.32141
12.00777
11.77699
12.05268
12.74551
12.32141
11.63149
12.2178
12.2178
12.32141
11.99912
11.41155
12.46685
12.77587
12.04327
11.45536
12.38741
12.22179
12.64944
11.62062
10.93316
11.68489
11.84304
12.48133
11.16146
11.66745
11.84304
11.98221
11.52789
11.90086
12.30803
13.10512
12.14308
12.43857
12.64944
11.41155
12.14996
12.14308
12.32141
12.25385
12.65668
12.64944
12.44225
12.85339
12.41805
12.07784
12.02078
11.84304
11.988
11.91989
12.74551
11.66745
12.67506
11.8792
11.80481
12.77587
11.98547
11.26146
12.43857
11.66745
12.2478
12.3531
12.43857
11.60663
11.32517
11.78589
11.78546
11.85634
12.65668
11.90393
11.58795
12.32141
12.94544
11.85634
12.26575
12.44225
11.90086
11.41155
12.41099
11.95627
12.64944
11.81253
12.2178
10.93316
11.98221
12.32141
12.94544
12.64944
11.41155
11.90393
11.99912
11.16146
11.98221
12.49493
11.80119
11.67347
11.80119
11.58694
12.00342
12.32551
11.99912
11.66934
12.32141
12.14308
12.85339
11.77699
11.91989
11.66934
11.28397
11.28397
12.32141
11.66934
12.41099
13.05348
12.14996
12.48133
12.85339
12.67506
12.41796
12.26575
11.78546
11.64475
11.28969
11.26146
12.48133
12.62718
11.90584
11.72294
12.64944
11.5376
12.14996
12.7418
12.48133
13.06593
11.80119
13.10512
12.47574
12.65331
11.26146
12.85339
11.85216
11.26146
12.47609
11.6727
11.41155
11.36232
11.39604
11.61657
12.77587
11.28397
11.84304
11.90823
12.43857
11.80309
12.74551
12.3822
12.32141
11.26146
12.32551
12.1511
12.61088
12.74551
11.36232
12.08031
12.64944
12.3262
11.90393
12.77587
12.64944
12.43857
11.62062
12.47609
12.3822
12.32551
12.14308
11.77699
12.38741
12.85339
11.60663
11.41155
13.00494
12.48133
12.61088
12.62718
12.30803
11.92936
11.66745
11.56212
12.35593
11.34147
12.77587
11.85216
12.08031
11.98221
12.32551
11.58694
12.26575
11.02956
11.28969
11.66934
11.80119
11.26146
11.58795
12.3262
12.08031
12.26575
12.26575
12.26575
12.3262
10.9142
11.50985
12.04327
11.86151
11.66934
11.39604
11.48872
12.07784
12.13466
11.39604
11.28397
12.08031
12.16328
11.9644
12.7418
12.1511
12.14996
12.16724
11.12601
12.48133
11.98221
11.5376
12.05268
12.47574
12.32141
11.26146
12.43857
11.84304
11.28969
11.78589
12.5587
12.74551
12.39361
10.93316
12.2178
12.04327
12.57971
12.62718
12.43857
11.28515
11.57215
11.36232
12.26575
12.185
11.99912
12.77587
12.64944
12.32551
11.98547
12.43857
11.91989
11.80409
13.00494
12.14308
12.43857
11.28969
11.90086
11.41155
11.90393
12.62718
11.80409
11.62447
12.3262
12.11953
12.77587
12.16724
11.60663
11.91989
11.91989
12.185
12.04327
12.41796
11.90086
12.62718
11.98427
12.3262
12.32141
12.64944
12.16724
12.07784
11.63149
12.62718
12.77587
11.58795
12.00342
11.58795
12.67506
12.32141
11.6727
12.62718
12.25385
11.4486
12.08031
12.10706
11.06889
12.08031
12.08031
11.58694
12.61088
11.81253
11.6727
12.41796
12.08031
11.66745
12.5587
12.185
11.36232
11.68489
12.65668
11.86151
12.41796
11.41155
12.62718
11.98054
12.35593
11.28969
12.5587
12.04327
12.48133
11.98221
12.25385
12.48133
11.80119
12.65331
12.62718
12.185
12.85339
11.6727
11.41155
11.80309
12.17891
13.06593
12.3262
12.14308
11.98221
11.60663
12.11953
13.10512
11.84304
12.3822
10.9142
11.90393
10.93316
11.77699
12.08031
12.08031
10.93316
13.10512
11.90086
12.34232
11.16146
11.66745
12.0796
13.10512
11.26146
11.28397
11.80119
11.58694
12.41099
12.7418
11.03441
11.99912
12.77587
12.94544
11.62062
12.55534
12.74551
12.77587
11.58694
11.67959
11.28969
12.74551
12.08031
12.14308
12.14308
12.3262
12.32551
12.16724
12.74551
12.25385
11.84304
11.73186
12.32141
12.94544
12.55621
11.46741
11.12601
12.04327
10.93316
12.25385
12.04327
12.85339
12.64944
12.07784
12.48133
12.185
12.41796
12.15482
11.06889
12.43857
12.26575
12.43857
12.44225
12.38741
11.91989
12.08031
13.10512
11.84147
11.60663
12.43857
12.1511
12.62718
12.64944
11.48872
12.15482
11.66934
11.66934
12.34844
12.77587
11.28969
12.1511
11.36232
12.08031
12.18672
11.12601
13.10512
12.49493
12.7418
12.43857
11.41155
12.16724
12.30803
11.85086
12.74551
11.80481
12.00777
11.39604
11.90393
11.06889
11.28397
12.46685
12.47574
11.84304
11.48872
11.8334
11.98547
12.35775
11.9927
12.2178
12.32141
12.48133
11.06889
12.74551
11.78546
12.77587
11.03441
12.74551
12.05268
10.93316
12.5587
11.99912
11.9644
12.07784
12.41805
11.29129
11.84304
12.74551
12.0796
11.29129
12.04327
11.58347
12.16724
12.32551
11.99912
12.65668
12.2478
11.90584
12.02078
12.2178
12.2178
12.32141
11.77699
11.29129
11.98221
11.47296
11.90584
11.39604
11.90086
11.26146
11.85634
12.35593
11.85634
11.85216
11.90584
11.80119
11.58795
12.2178
12.14308
12.44225
12.04327
11.67347
11.66745
12.35593
11.34147
13.10512
12.00777
12.3822
12.48133
11.28969
12.46685
11.58795
11.58694
12.05268
12.47609
12.32551
11.52789
12.62718
12.74551
12.185
11.57215
11.77699
13.00494
12.13466
12.62718
12.43857
12.08031
11.90086
11.98547
12.64944
11.66745
11.06889
11.06889
12.04327
11.77699
12.38741
12.04327
11.68489
12.14308
11.29129
11.41155
12.2178
11.98054
13.02859
11.95627
11.66934
12.48133
11.77699
11.66934
11.06889
12.16591
12.62718
12.30803
11.78546
12.26575
12.20791
12.05268
11.34147
12.38741
11.26146
11.90823
12.43857
12.44225
12.3262
12.32551
11.98221
12.3822
12.1511
12.10706
12.65331
12.25385
11.6727
11.58795
12.77587
11.78546
11.57215
11.62062
11.90086
12.46038
11.84304
12.07784
11.52789
11.41155
12.3822
12.04162
11.41155
12.26575
11.80481
12.2081
12.48133
12.14996
12.65331
11.61657
12.14308
12.25385
11.58694
11.90086
12.47574
12.5587
12.48133
12.32141
12.08031
11.58795
11.80481
12.00342
13.10512
12.77587
12.65331
12.65668
12.64944
12.2178
11.80119
12.3822
11.77699
11.73186
12.26575
12.74551
11.9644
13.00494
12.48133
11.7011
11.98547
13.10512
11.80119
12.5587
11.99912
12.62718
11.16146
11.98221
12.47574
13.06593
12.43857
11.81253
11.95627
12.74551
11.90086
12.38741
12.77587
11.16146
11.41155
12.62718
11.26146
12.185
11.41155
11.98221
12.1511
12.41099
12.2178
11.34147
11.57215
11.98221
12.38741
12.85339
10.07395
12.05268
12.08031
12.04162
12.14996
11.98547
11.77699
12.55534
12.34232
11.66745
12.25385
12.3822
11.26146
12.5587
12.38741
12.26575
11.78546
12.32141
12.5587
12.65331
11.91989
11.9644
11.52789
12.04327
12.27155
12.1511
11.92936
12.05268
11.95627
11.99912
12.08031
12.35775
12.64944
11.98547
12.49493
12.38741
11.16146
12.25385
11.64475
12.14308
12.08031
11.78546
12.77587
12.32141
11.84304
12.74551
11.92936
12.32141
12.08031
12.74551
11.57215
11.98221
11.99912
11.6727
12.32551
11.99912
12.14308
12.14308
11.77699
13.00494
12.1511
13.10512
12.08031
12.48133
12.43857
12.65668
11.39604
11.66934
12.77587
11.98221
12.10706
11.90086
11.77699
12.26575
11.90393
12.3531
12.16724
11.41155
11.68489
12.43857
12.64944
12.62718
11.26146
12.64944
11.57215
11.6727
12.3262
11.77699
12.74551
12.74551
11.46741
12.74551
12.5587
13.00494
11.28397
12.65668
11.9644
12.94544
11.26146
11.5376
12.00777
12.65668
12.94544
12.67506
11.66745
11.36232
12.16724
12.16724
11.988
12.94544
11.06889
12.30803
12.43857
12.08031
12.32551
13.00494
12.61088
11.01148
11.45536
12.41805
12.22179
11.68489
12.41805
12.14308
12.62718
11.66934
12.32141
12.47574
12.14308
12.94544
12.62718
12.85339
12.41796
12.38397
11.98221
11.78546
10.93316
11.98221
11.90823
11.85216
11.90086
12.64944
11.98221
11.36232
12.94544
12.2178
11.98221
11.90086
12.04327
12.35775
12.20791
12.77587
11.98221
12.32141
12.32141
12.62718
12.185
11.39604
12.41805
12.62718
12.77587
11.84304
11.84304
11.34147
12.74551
12.61088
12.85339
12.94544
12.08031
11.90086
12.48133
12.62718
11.98221
12.85339
11.99912
12.65668
12.16724
12.14308
12.11953
12.04162
12.47574
12.65331
11.98547
12.04162
12.43857
11.77699
12.43857
11.91989
12.47609
11.28969
11.988
12.38397
13.00494
12.04327
12.65668
12.3262
12.74551
11.80119
11.77699
12.64944
12.22179
11.988
11.52789
12.3531
12.34844
11.98221
11.66745
11.80119
12.04327
12.64944
11.28397
11.66745
11.78546
12.4575
12.47574
12.16724
12.74551
12.2178
11.6727
11.92936
11.03441
12.15482
12.14308
12.15482
11.26146
12.0796
11.98221
12.74551
11.90393
11.68489
12.77587
12.14308
12.74551
12.48133
12.64944
13.10512
12.43857
11.90086
12.43857
12.64944
12.16724
12.3262
13.10512
12.32551
11.80119
11.68489
10.9142
12.77587
11.03441
12.26575
12.46685
10.93316
12.16724
12.185
12.32551
12.62718
11.28515
11.90086
11.66745
12.74551
11.91989
12.25385
11.12601
12.26575
11.52789
11.66934
12.94544
11.84147
11.68489
13.10512
12.62718
11.26146
12.48133
12.64944
12.3262
12.65668
12.3262
12.38397
12.32141
12.46685
11.98221
12.44225
12.85339
11.06889
11.62062
11.01148
12.20791
11.84304
11.68489
12.04162
11.06889
11.9644
12.34232
12.62718
12.18672
11.34147
11.90086
12.74551
12.3262
11.06889
12.32551
11.78546
11.84304
12.41805
12.41796
12.41796
12.43857
12.62718
12.08031
11.01148
11.96608
11.4486
11.03441
12.3822
12.5587
11.98221
11.78546
12.16591
11.34147
12.62718
12.2178
11.57215
12.2178
12.25385
12.61088
11.26146
11.62062
12.64944
11.92936
11.8334
11.66745
11.16146
12.3531
12.04327
12.65668
12.94544
11.60663
12.2478
11.06889
11.46741
12.43857
12.08031
12.08031
11.68489
12.14308
12.25385
11.26146
12.32551
11.66745
12.47574
11.45536
12.35775
11.57215
11.06889
12.04162
11.80119
12.43857
12.2178
11.98221
12.1511
12.14308
11.66934
11.52789
11.90086
12.05268
12.64944
10.9142
12.49493
11.58694
12.43857
12.00777
11.90086
12.7418
12.07784
11.78546
11.34147
12.47574
11.90086
12.26575
12.14308
12.08031
11.84304
11.41155
12.04327
12.08031
11.95627
12.44225
11.72294
12.3262
12.3531
12.25385
12.3262
12.43857
12.74551
12.14308
12.48133
12.08031
11.28515
11.68489
12.11953
12.14308
11.84304
11.03441
11.66745
12.10706
11.66934
12.74551
12.74551
11.84304
11.58795
13.05348
12.3262
12.62718
11.85216
12.11953
12.74551
11.98221
11.78546
12.62718
12.64944
12.44225
12.44225
12.74551
12.20791
11.02956
11.9644
12.04327
12.3262
12.38741
11.58347
12.2178
12.48133
12.26575
11.68489
11.52789
11.03441
11.91989
12.39361
12.30803
12.4575
12.47574
11.85216
12.48133
12.4575
11.29129
12.65331
11.60663
11.90086
11.36232
12.48133
12.5587
11.98547
11.80119
13.06593
12.16724
12.43857
12.43857
12.3262
12.74551
12.26575
12.15482
12.64944
11.67959
12.04162
12.3262
12.25385
12.00777
13.10512
12.32551
13.06593
12.48133
11.5376
12.2478
11.26146
12.77587
12.08031
11.98221
11.98221
12.94544
12.43857
12.32141
12.62718
12.25385
11.58694
11.52789
12.16328
12.15482
12.43857
12.32141
12.48133
12.41796
12.77587
12.65331
11.28515
11.41155
12.43857
12.74551
11.41155
11.90086
11.95627
11.29129
11.28397
12.16724
12.43857
12.65331
11.58795
12.48133
12.04327
11.48872
13.05348
12.77587
12.48133
12.08031
10.93316
13.10512
12.3822
11.85086
12.32551
12.64944
12.65331
12.77587
11.99912
11.99912
12.08031
10.99421
12.77587
12.41805
11.50481
11.98221
11.84304
11.84304
11.58795
11.77699
12.13466
13.06593
12.38741
12.14308
12.64944
13.10512
12.64944
11.80309
11.99912
11.36232
11.95627
12.38397
12.16724
11.9927
11.98547
12.35775
11.28969
12.16724
12.94544
11.45536
12.08031
11.28515
11.80119
12.43857
11.80119
12.42103
11.57215
12.43857
11.68489
12.30803
12.38741
12.32141
11.68489
12.43857
12.74551
12.74551
11.98221
12.18672
11.46699
12.32551
12.16328
12.85339
12.85339
12.3262
12.00777
12.18086
11.84147
12.5587
11.95627
12.65668
12.08031
11.58694
12.43857
12.48133
11.41155
12.32551
12.08031
12.41805
12.15482
12.3531
11.41155
12.61088
12.1511
11.90393
11.61657
11.80309
11.90086
11.78546
11.41155
11.84304
11.9644
11.62062
11.46699
12.17891
12.48133
12.64944
13.06593
11.6727
11.41155
11.84304
12.74551
12.05268
11.62062
12.08031
11.86151
12.46685
11.58694
11.77699
12.65331
12.26575
11.52789
12.2478
11.84304
12.48133
10.93316
11.5376
11.91989
12.14996
12.32141
12.43857
11.68489
11.02956
11.74336
11.41155
11.68489
11.81253
11.26146
11.90584
11.47296
12.32551
12.3531
12.77587
11.90393
12.48133
11.8334
12.14996
12.17891
12.67506
12.43857
11.41155
12.3531
12.32141
12.77587
12.41796
12.44225
12.08031
12.65668
12.14996
12.2478
11.84304
12.08031
12.32551
12.77587
11.58694
11.72294
11.57215
12.05268
12.4575
12.43857
12.62718
11.58795
12.48133
11.61657
12.65331
11.41155
11.26146
11.16146
12.25385
12.2478
10.93316
11.66745
11.98221
12.65668
11.84304
12.10706
12.2178
12.16724
12.94544
13.06593
12.85339
12.38741
13.06593
12.48133
12.5587
12.25385
11.28969
12.25385
11.95627
12.25385
13.05348
12.48133
11.96608
12.10706
12.44225
11.45536
12.35593
12.74551
12.77587
12.25385
12.85339
11.90086
11.48872
13.10512
11.48872
11.84304
12.185
12.64944
12.41805
12.13466
12.16724
12.04162
11.9644
12.48133
11.85634
11.85086
